"M.b1t1"	"M.b1t2"	"M.b1t3"	"M.b2t1"	"M.b2t2"	"M.b2t3"	"M.b3t1"	"M.b3t2"	"M.b3t3"	"H.b1t1"	"H.b1t2"	"H.b1t3"	"H.b2t1"	"H.b2t2"	"H.b2t3"	"H.b3t1"	"H.b3t2"	"H.b3t3"
NA	1334300	NA	1756400	2214300	2584700	1280100	1465300	1153400	NA	670350	NA	2368400	2239000	2560000	2505100	1569100	1130200
2979600	5990200	2087200	6512800	9794600	8635900	7087000	2226100	2481000	3438000	4832100	3024300	7625900	9919200	9868400	8326500	2624400	2313800
9289400	NA	NA	6368600	1486900	6719600	5395900	3231600	3308900	14680000	NA	NA	6013300	10713000	21179000	23302000	3654900	4052100
5366500	5756900	2398000	6834700	7359700	5022700	11041000	7222500	7148500	17233000	18292000	26774000	26962000	25736000	24209000	22897000	25710000	23398000
84177000	20785000	8849200	16250000	10993000	13537000	10900000	9019300	18422000	32555000	21530000	18488000	41284000	29579000	30331000	25208000	19933000	38933000
21489000	19375000	35227000	11451000	10639000	7209700	14148000	16323000	9801500	16586000	11192000	22429000	6683000	6895300	2712300	9099900	10144000	6788600
16342000	27489000	26652000	33747000	24673000	19716000	25669000	16469000	23467000	21823000	20228000	12309000	30373000	25449000	22907000	22089000	15210000	21498000
43210000	27279000	24438000	60152000	73376000	84604000	51944000	41372000	44309000	46247000	33483000	28570000	70054000	89399000	87654000	53540000	49365000	51321000
3038700	1436100	NA	1637700	2127000	2443400	3053600	1794900	1621000	4196600	3714900	NA	3827800	2374000	4938200	2561800	3538100	941050
5124700	3843600	16887000	18044000	18091000	5242500	3836300	9184000	15945000	5934200	3460300	33274000	52199000	48528000	13045000	7295500	22749000	31246000
84350000	90471000	95932000	78123000	104960000	95012000	70202000	81001000	76321000	140220000	98256000	156340000	159390000	219010000	187280000	106330000	117050000	111480000
24801000	33084000	30982000	27637000	30029000	27011000	24378000	17512000	22295000	79956000	36229000	36558000	69209000	48087000	50366000	28738000	79150000	26244000
10012000	16720000	10379000	10462000	19301000	10361000	11734000	4585500	5714700	10630000	19873000	10330000	13417000	32002000	12442000	13723000	7670900	7441200
49435000	54930000	65622000	101800000	90980000	63130000	61865000	64562000	59587000	58360000	70805000	94621000	163870000	144700000	104800000	71772000	101420000	78110000
23271000	19881000	16162000	15659000	15168000	14167000	5767300	15602000	7618800	53457000	46886000	43542000	38167000	38324000	29847000	25776000	37281000	12509000
21959000	14451000	31201000	16083000	14670000	10835000	23659000	9453600	22739000	26644000	17960000	37223000	33204000	21905000	20106000	33887000	21604000	44982000
11237000	NA	10952000	13823000	9448600	NA	12494000	8931400	8034300	22153000	NA	25423000	27644000	25062000	NA	21217000	21852000	21527000
14998000	14504000	13728000	15354000	16714000	15634000	18179000	14831000	13686000	3042100	872030	2646600	2338400	3461300	3070600	2713500	3117000	955530
16535000	17365000	15753000	13528000	9586900	5560500	11588000	15675000	11169000	18086000	12316000	22385000	6785500	4840100	3224300	6343000	24519000	4308300
17426000	9454000	22366000	19501000	10948000	12988000	7734100	18032000	11856000	19791000	9241400	13672000	18747000	8528800	9513500	10005000	33012000	14195000
2581500	1463700	2900500	4165300	2903800	2341700	6577000	4734000	2694200	4376000	3806400	5218200	11888000	8628300	8752200	13846000	7993600	4111900
88772000	79616000	60830000	49142000	48473000	47832000	72803000	49760000	49541000	50759000	41661000	48877000	32252000	23779000	33778000	53069000	36989000	39989000
6474500	7242200	24584000	NA	7567300	10522000	NA	6255700	5596600	12882000	10906000	19517000	NA	7566500	6892200	NA	4827400	5754300
228760000	204690000	177540000	94457000	201920000	184890000	166350000	162670000	130290000	287090000	104920000	54129000	41344000	123790000	49654000	48919000	55716000	49170000
7381100	8496900	8269300	9762600	6016500	3768300	8696100	9150200	9913400	10722000	20613000	15743000	23499000	14163000	9224000	17195000	19028000	13770000
5360800	6976200	3896000	NA	2360500	1021100	1752100	3977500	3580700	7024900	8097600	4441000	NA	3416100	1226700	1692400	5030600	4583500
3303800	9131500	3491900	58082000	5759700	5651700	53783000	2956900	3423100	8644400	12056000	5992700	13558000	7926300	12403000	7362100	2034900	6982100
4553800	8367300	11487000	21488000	19679000	13172000	11702000	22386000	10381000	6093800	149560000	12246000	73239000	118670000	62016000	40605000	48348000	38445000
29334000	17151000	36086000	15301000	14415000	13900000	26641000	33102000	30427000	87830000	56613000	121890000	33951000	31186000	35803000	59751000	69339000	60641000
2537000	3201700	3378000	10204000	8362700	11260000	4131800	422460	2966400	4075700	7985500	5267300	18245000	17870000	19887000	8656100	4058400	7897500
5929400	6421000	21380000	14089000	14098000	14007000	7861100	9079800	10825000	3685700	5229600	6951700	18800000	15082000	13031000	7225100	5404600	11537000
9825500	6734100	9352400	6508800	8837600	8688200	9162600	9134500	13809000	24478000	1.1e+07	22681000	15338000	19528000	20133000	22551000	24813000	28917000
84588000	72305000	161850000	43532000	95862000	57959000	56679000	52429000	58662000	112350000	119700000	128300000	114780000	140240000	112470000	123100000	118130000	118310000
172890000	166370000	161910000	191610000	216600000	186340000	117950000	107320000	127070000	93356000	101450000	121040000	149350000	124660000	114970000	91907000	111950000	103930000
4663300	12113000	4179300	13194000	9200900	11668000	7512100	7876300	7855000	5356500	14855000	7814900	20989000	11978000	15342000	8748500	14388000	15835000
131410000	130220000	118920000	43107000	48667000	14205000	58901000	54090000	56624000	56638000	44351000	62899000	41466000	19909000	21248000	16503000	18420000	50910000
411280000	433720000	446010000	559870000	422410000	416480000	415650000	413410000	446760000	985670000	997320000	1004100000	1348700000	1194500000	1083400000	936520000	919690000	958140000
24695000	23151000	25920000	19768000	18651000	16965000	15390000	14641000	13508000	120110000	109200000	115780000	110630000	109390000	109790000	67082000	63090000	71447000
273880000	2.46e+08	246860000	113120000	142620000	164590000	218290000	217620000	199280000	221190000	185930000	135530000	94178000	133650000	150790000	113820000	138820000	97081000
2662200	3753500	1103600	1271200	1016100	307180	3130400	1209700	2863100	4236100	3091700	2199700	1761700	1224700	59621	3406900	1473700	4517000
3060000	4179500	5831100	NA	NA	NA	4213700	3444800	2154200	3053400	3790100	7208500	NA	NA	NA	3863300	2499600	2629000
32892000	31179000	38224000	36157000	39023000	35391000	46381000	37688000	36136000	32532000	28659000	32537000	25397000	25598000	26406000	30174000	28069000	32101000
8243400	10533000	5533400	12052000	18660000	10678000	7152000	13710000	16183000	15976000	14330000	7575800	15877000	21773000	13143000	9531900	17881000	44033000
1667000	1107000	NA	14006000	11600000	5897400	6179600	8885900	3958500	1207900	523230	NA	12841000	13337000	7374200	5315600	8607200	5484100
12002000	35405000	36122000	25332000	7503600	10782000	7668400	31228000	30059000	17686000	48219000	59263000	17006000	12278000	19732000	16190000	32796000	27873000
3149600	14966000	13907000	14904000	2375400	17481000	14062000	2803700	2188500	9376000	19210000	17417000	17453000	4187800	20356000	15458000	5810900	6136900
296260000	170360000	288570000	105040000	141100000	115560000	136170000	126370000	118290000	375300000	307090000	407150000	267710000	291570000	288850000	310490000	273650000	257520000
3602700	8489900	8804700	2030700	2219200	2053900	5923600	3881600	4983300	3016000	5044000	4915600	1239300	1136800	1342900	2516100	2472800	2144000
19832000	20107000	22418000	26481000	15127000	20313000	15472000	17296000	15763000	13489000	18535000	19710000	30045000	20041000	23066000	22766000	22516000	19586000
70874000	75851000	64852000	58234000	62935000	63509000	44978000	77664000	64278000	4902800	10200000	5371600	15852000	35046000	44645000	25997000	5354200	10837000
5830700	5206600	7008800	6945800	7421700	11262000	7979100	12476000	6462900	10512000	7632700	10980000	9527900	10932000	14598000	9741300	12095000	8296400
4486200	4377800	5159000	4166400	1333900	1823200	9265100	3093100	1928700	12315000	26210000	11506000	10833000	3851100	13643000	16788000	10618000	8042300
11339000	27555000	18051000	24755000	29813000	19447000	17337000	18810000	17812000	15967000	16511000	21557000	28464000	26738000	35153000	15922000	7692400	12489000
1945800	2315700	2103700	2167800	3579800	3245500	1687800	2187200	2607600	905070	1996500	1894500	2467100	3995200	4503100	3385700	2887300	1839700
218710000	206180000	211500000	47019000	46171000	51422000	68960000	122330000	111460000	133930000	157430000	136040000	78213000	76671000	89424000	76513000	62135000	56968000
19825000	3825000	9129300	3896000	11603000	2249300	5280600	5390400	5361600	8688700	2800200	13778000	5538200	3273000	3565700	5544500	5427200	5114400
60537000	51639000	65350000	30578000	43672000	37100000	60251000	51129000	9841600	15523000	7261200	16757000	15533000	49093000	42529000	7171000	17362000	10862000
8439100	11228000	7476700	10185000	4332700	8943000	8768500	11508000	9485900	23902000	22844000	21061000	29363000	14840000	19720000	14032000	29680000	25223000
73791000	109790000	102130000	133320000	108850000	120140000	117750000	102220000	144330000	83282000	138240000	126930000	189010000	153360000	142270000	128770000	120850000	1.61e+08
NA	5050800	1873300	10304000	16908000	18612000	3926000	5226600	5247000	NA	13772000	6920600	31252000	49220000	48471000	10492000	11529000	9780400
147570000	140440000	131260000	205900000	220870000	192300000	126400000	167120000	153020000	212940000	119110000	115700000	192450000	206020000	184900000	111160000	153260000	140140000
4507000	3206100	3632000	5409700	5117400	2874000	3802600	3784600	4200500	4315100	2293500	2178800	9034300	9543600	4932700	3210200	2983500	2195700
11816000	11048000	15302000	3599200	2836000	2528800	6567800	4918500	3346900	14296000	8874000	9058300	10447000	6853800	6581000	12702000	8373900	7895500
32082000	30772000	33022000	84488000	76280000	92268000	59221000	38352000	37253000	7347600	9856500	12460000	92352000	74047000	132270000	52775000	14053000	13203000
69520000	76961000	78389000	35775000	61949000	48511000	28630000	48651000	42195000	62048000	67574000	36080000	39993000	59771000	233450000	21732000	22668000	22123000
3675400	7249300	4750400	NA	NA	NA	976150	5343900	2554400	8626200	17088000	7795000	NA	NA	NA	3628600	3728200	332450
109240000	103960000	84167000	50284000	38153000	53199000	33568000	44009000	52134000	131940000	136570000	117640000	72663000	81564000	109330000	53530000	90532000	69341000
233250000	126820000	182180000	215300000	256010000	241900000	163860000	165170000	146180000	266840000	187310000	245720000	306350000	321360000	332120000	268950000	239160000	220030000
21118000	14355000	4989400	19812000	26740000	16745000	20208000	14406000	16801000	70176000	14784000	9273300	44770000	61064000	26512000	31101000	29874000	31148000
145860000	195630000	198370000	55083000	23710000	21841000	137400000	141620000	92501000	76235000	983290000	9.27e+08	167590000	48212000	44807000	855930000	632380000	659680000
118730000	126060000	123800000	107640000	104880000	94009000	116460000	121110000	119270000	149210000	137740000	123340000	109760000	133650000	110930000	116250000	97284000	100060000
122050000	117340000	128930000	90805000	84283000	99428000	150420000	174910000	151370000	193960000	178880000	243860000	121690000	167260000	166220000	174980000	161180000	166280000
7375900	8471900	5840700	1398100	1643300	1058700	5838400	7654200	4094400	18462000	18744000	13671000	3680000	4017800	8038800	7639300	16968000	6999000
261830000	198060000	197940000	157900000	146850000	175600000	190620000	200800000	202790000	358680000	311810000	399050000	201550000	184350000	215520000	367910000	399770000	379960000
NA	NA	NA	4989600	12017000	10208000	2947200	4652900	3422400	1771300	5382800	31719000	109640000	102840000	105870000	41099000	47884000	62451000
2459800	2316000	2866400	1178200	1916700	2855200	1340600	1793500	1872200	5309100	5264600	12916000	2719600	2461100	3586500	4227900	6709700	631830
179770000	52643000	41549000	129440000	156320000	31121000	33996000	185610000	162680000	75352000	61934000	74201000	43713000	35144000	31713000	46847000	64055000	54966000
5512700	4896400	15712000	NA	1561800	4465400	NA	4426600	2842700	7328300	7464100	21132000	NA	1805700	3024100	NA	4427900	4394800
9370900	3227900	1176800	5887400	6436400	7261000	1257100	2548500	1325600	16406000	10781000	7644800	20581000	10777000	16462000	8392900	9391500	4780700
34382000	23722000	21187000	32950000	60220000	60359000	36913000	43295000	47138000	47586000	37847000	42238000	49602000	69431000	77467000	34251000	42746000	36353000
12694000	16325000	16123000	4541000	7121600	5952000	12431000	NA	487580	976760	2677600	2496100	2842700	5983400	3714800	13213000	NA	814160
17785000	7801100	15105000	10360000	19409000	10119000	9686300	7416600	7442700	36460000	12542000	13006000	10037000	34925000	16529000	7679200	15153000	8643500
30999000	27846000	34050000	18173000	17946000	17567000	23957000	21780000	26534000	76625000	54092000	67382000	46427000	43281000	41241000	49970000	42383000	55576000
3611200	5132300	5082600	5375500	4265700	4034300	5625400	3855600	10200000	5012400	4578400	4829700	6098800	8214100	4320300	6461600	4851900	10442000
6507100	8117700	3598700	1598200	2923300	1403200	1447200	4625700	4693000	21165000	26994000	21824000	4223400	5725900	6654700	4377100	12738000	11618000
44839000	54690000	51448000	17199000	10073000	17702000	25926000	31558000	41417000	28439000	29278000	35684000	23381000	12131000	15598000	24655000	14682000	22512000
866010	1128000	2333300	NA	NA	NA	1069100	719590	1769500	2297400	2172500	4389800	NA	NA	NA	2250200	2672200	3914500
60153000	66800000	63911000	45232000	31349000	23077000	85017000	89208000	84665000	102530000	98759000	98830000	75424000	85245000	76714000	62666000	64807000	46377000
29106000	22120000	4501800	3443800	19707000	20136000	2326800	20208000	20075000	9023000	5171700	1523100	2768100	5415500	4504700	2218000	2924000	2760100
5038200	6973000	12336000	8793500	10221000	2249600	1331700	1240600	1304300	10981000	10684000	17821000	14077000	20638000	4423400	6388500	7102600	4106700
1555100	1668900	4449800	3907900	2404100	3422900	2000500	1799400	1507200	7817600	8622100	26848000	16806000	11738000	14957000	6481400	21115000	7112200
108110000	69151000	71168000	92897000	84177000	72288000	79158000	78682000	67562000	154150000	157500000	101140000	216590000	161590000	151130000	106820000	133740000	115300000
4456900	5492700	8877800	NA	3173500	2062500	4568200	4767700	4930500	8148200	9454700	13846000	NA	6650700	2192000	5987500	8177700	6846000
12123000	4885700	6279900	178130	NA	NA	1016100	2606000	1810600	22044000	13098000	19963000	642590	NA	NA	2462900	3374500	9583000
19600000	45727000	173420000	6447500	49145000	1937000	38012000	16071000	18268000	13015000	12482000	17614000	4284800	10175000	2592600	12558000	7474900	15680000
1914800	6037600	2283000	1481100	NA	891600	3091000	1493400	2609500	3090000	6163700	2541200	1944200	NA	254460	2396100	2999800	3700500
11002000	13036000	13564000	NA	NA	NA	4137300	1641300	1407200	22398000	22557000	25580000	NA	NA	NA	7016600	337100	555170
38496000	42036000	50432000	28906000	23806000	19348000	19146000	27272000	29265000	19725000	35160000	28046000	15620000	20558000	14594000	14285000	10953000	11692000
26933000	19703000	34122000	20872000	34198000	27142000	23852000	18865000	22262000	19537000	19954000	33561000	28031000	33793000	24295000	21732000	24556000	19614000
50868000	44837000	40508000	29230000	30050000	38572000	387720	28498000	20411000	11199000	12530000	10971000	26917000	10353000	24605000	445790	36524000	33635000
395880000	165680000	158710000	48697000	1509800	1714600	157090000	157160000	94002000	20974000	10868000	12548000	1709700	1838300	982640	10274000	12290000	10053000
3097800	2978900	1511600	5979400	1667200	4851600	1608300	1177100	1809800	1739700	1287400	2065400	2150300	1560500	4123900	1224700	2056000	3161800
98036000	2568100	1051100	1435300	27204000	6186800	1561800	1433600	601240	92767000	95240000	98723000	86046000	109080000	93355000	87082000	87767000	86561000
4805700	5001100	14453000	5696100	2930200	3624800	4338700	10001000	782390	4361700	7414200	10439000	10654000	4400300	5254900	6347200	13274000	2234000
6958700	11893000	13379000	12317000	9487100	8316900	8927500	7074000	8032200	19006000	34825000	33728000	39075000	31705000	24572000	35163000	22613000	23672000
6452400	5764800	6195700	8623900	24460000	27696000	4695800	27574000	7307200	64916000	4469800	3820500	8174200	17363000	17202000	3197200	29239000	4434600
4284800	5223200	5748000	2936400	2952100	NA	4114000	4024900	4594600	6134200	7366600	8515800	4850300	6243400	NA	6710700	6610700	8276300
504610000	551440000	579070000	792450000	917440000	846840000	668520000	648070000	577170000	129790000	281820000	213110000	363240000	285960000	309610000	235680000	235340000	185890000
2514600	2750000	3110400	6093400	6512500	5006100	3215000	1976900	3884000	3315500	11207000	8333700	12454000	11658000	8235500	4401600	6605000	9736200
2737800	4235400	3612700	1531300	271080	225340	3364300	2113100	3029400	2480200	3513300	3492900	2022300	670420	290660	4042700	3579500	4033000
62314000	24210000	35946000	23784000	26463000	25376000	16247000	38355000	32033000	23654000	13388000	33330000	16850000	16997000	13436000	20148000	26892000	20907000
19954000	22771000	27523000	19035000	29639000	26090000	22761000	18469000	15628000	22092000	22846000	33768000	13806000	26574000	36050000	31299000	13696000	15229000
175910000	170810000	179230000	110630000	127720000	96336000	130690000	134560000	212870000	171900000	156270000	163130000	90011000	107650000	91564000	138890000	127070000	124390000
13008000	33092000	34719000	24260000	25524000	42855000	12845000	15647000	10052000	22430000	17401000	19308000	19555000	14362000	25979000	15142000	11851000	12379000
108920000	111610000	113110000	132710000	112350000	116050000	114320000	102290000	99505000	167210000	151300000	186090000	200210000	173080000	192510000	155040000	150620000	144280000
3662100	3443600	2031000	1909800	2650300	2630400	5731000	2714300	3506100	1349200	2098300	1357200	2192100	5180000	3948900	5969700	2197500	1350200
1879600	3438300	3062400	3381900	1372800	3007300	1626700	11170000	8324800	2652100	3654800	2797400	5264500	1218100	3389600	2238600	4131700	7946100
4834500	7749700	6519400	1128800	NA	NA	2747900	3003700	3741500	9210900	9684900	11716000	2150400	NA	NA	4573900	2720200	6054500
15029000	16575000	29777000	16759000	21731000	19978000	15930000	19991000	18151000	46758000	58600000	39105000	25982000	43753000	131910000	46546000	22301000	22565000
9775000	8284500	7255500	11085000	11955000	9077000	10793000	9916600	7778100	16534000	11895000	12269000	14497000	23125000	12307000	15144000	8618100	9384400
272560000	221190000	217090000	127030000	207850000	154640000	155790000	167610000	181470000	370530000	279670000	298700000	217240000	309960000	292970000	252430000	249460000	255460000
33685000	23574000	56510000	43444000	39780000	50485000	48497000	45486000	40739000	43484000	40130000	52567000	64108000	59357000	69032000	43265000	115020000	110770000
171550000	136660000	119300000	84681000	110240000	112750000	110200000	108650000	131870000	277540000	235890000	194380000	186740000	254430000	248520000	232990000	255810000	260470000
141720000	234910000	230060000	76106000	78972000	96674000	197040000	125930000	184520000	149560000	195940000	232760000	132370000	68985000	56736000	112590000	121940000	152170000
20500000	14744000	13810000	8657800	9488500	17310000	9818200	8222900	17087000	28805000	33008000	34459000	25824000	31078000	43269000	23533000	25892000	39314000
72297000	62979000	47014000	71240000	70556000	135260000	51503000	39804000	44750000	183990000	148070000	156890000	200320000	247740000	215750000	164780000	123070000	175120000
191290	293580	148500	1691900	383360	5904900	3298300	NA	2803100	592570	194990	186490	1896200	2346800	3114800	143280	NA	529680
5925200	8537000	9874500	315090	NA	14983000	1391100	897480	3160400	29843000	26559000	10607000	1213100	NA	NA	809720	242430	1642200
19121000	19351000	18671000	4735700	7146700	3980000	14515000	21339000	18560000	34162000	49070000	48825000	5388900	3713900	5064000	31774000	37995000	29970000
1645500	NA	9996900	7488300	4728700	486480	9926400	6797000	7808400	2189000	NA	4845100	3511900	628300	612790	2835500	5379100	6103600
15864000	17772000	8639500	36955000	45537000	39914000	21377000	20882000	11687000	21185000	26040000	12511000	51845000	71910000	58812000	31461000	31196000	17697000
7722100	6956600	11046000	10014000	7910800	8434900	6698600	10178000	1738400	10798000	10266000	9393600	9309900	8076700	8456200	5157500	4722700	653140
2175800	2089200	2772600	8763000	10048000	12041000	5061000	3905400	5022900	14694000	27082000	25420000	25407000	35582000	31497000	33672000	39018000	44969000
1678900	983400	1140500	3730600	10220000	5817100	3126700	3305900	3251300	2419900	1768000	4621800	15918000	27175000	13183000	7040600	2813500	5343200
34089000	23586000	27969000	22440000	52852000	53753000	40139000	44933000	26379000	35484000	33062000	42449000	38114000	40391000	44121000	34633000	40435000	28719000
16944000	28811000	32416000	58787000	39269000	27857000	80864000	65410000	103660000	73704000	41237000	55022000	38671000	40648000	33942000	49066000	37014000	47521000
2424100	2154800	3760400	4556300	50312000	51293000	2860800	4077200	2851700	1840500	2185200	7265600	8803700	7744700	8921700	5283000	5894100	3104700
23363000	12098000	20179000	9137300	11058000	12273000	11123000	13220000	8974200	15004000	9061400	8793400	7537900	6495800	7661500	4474700	6251900	5573700
6721100	4041400	2234200	19810000	17671000	18406000	9562500	10306000	8488500	52746000	42888000	41710000	90904000	99912000	92501000	56529000	64597000	37287000
6335700	10325000	19104000	37305000	7075900	28703000	15985000	6500100	4601700	72043000	62291000	78643000	121300000	101570000	100510000	93929000	79708000	50960000
134760000	1.38e+08	157090000	49380000	29904000	29840000	82618000	110340000	90338000	88308000	144100000	179800000	34803000	27113000	31350000	120260000	131220000	105710000
23455000	18502000	19498000	17155000	21687000	22185000	16314000	18107000	14542000	38557000	19612000	18045000	27134000	18104000	27178000	38438000	15386000	12832000
19062000	14576000	14724000	17550000	11453000	16038000	16434000	28489000	27487000	45038000	13423000	15703000	18092000	20848000	21651000	16818000	24247000	21180000
214140000	200540000	318150000	231040000	235450000	135910000	176310000	224860000	161230000	144380000	143920000	178820000	125030000	166730000	133130000	147270000	124740000	142080000
138540000	75180000	107180000	46936000	91856000	82358000	104890000	100950000	129970000	33306000	26417000	26547000	19245000	39502000	24785000	22703000	20357000	27155000
10732000	11216000	5477300	11652000	6806000	11380000	NA	12384000	7077300	6069300	10402000	6001300	9778700	7060300	9412900	NA	9376800	4440200
87131000	103860000	110870000	15368000	12069000	10568000	45073000	45625000	51349000	124650000	108330000	116040000	16466000	13514000	12685000	37752000	41985000	44147000
98173000	73703000	98637000	138630000	109770000	152250000	77014000	87931000	85332000	109270000	97455000	108050000	118490000	130220000	134110000	79643000	108020000	101470000
2758600	1573400	NA	2028500	2155000	1452100	NA	1886400	1082800	19386000	30643000	13675000	39268000	40220000	27190000	20601000	31588000	24520000
6626000	9603700	18304000	15808000	13590000	12105000	13767000	9990000	10320000	4345700	15467000	18554000	13852000	15752000	14323000	11246000	8335100	9919000
11478000	13645000	16465000	78630000	2869000	24753000	15149000	17985000	6219500	23556000	21072000	19281000	83194000	14720000	124150000	30598000	4938500	5116300
48244000	44657000	44337000	38027000	58422000	53742000	33286000	32193000	32901000	58877000	17041000	6658900	18982000	73423000	70490000	52162000	33738000	12169000
19281000	31567000	33366000	34332000	16100000	22342000	16972000	18255000	35700000	19932000	31679000	28151000	33119000	19087000	20526000	13053000	18689000	29602000
27561000	32675000	33472000	39537000	49648000	38492000	31212000	36656000	29816000	80011000	33814000	89410000	65364000	68460000	61643000	69396000	72368000	69932000
2793700	2196700	1489800	4121100	1415000	2014300	1552700	1711900	1198300	4132400	3400800	3580700	3504300	1159700	1877200	4002900	4089300	3870300
5126900	5304900	4062400	11461000	6589800	9508800	7930100	9650700	7434400	10264000	14947000	15876000	27976000	10821000	23379000	19442000	12230000	14714000
53002000	19442000	59534000	24986000	19070000	25591000	32756000	14199000	17900000	28403000	31889000	34512000	43262000	38844000	33433000	48408000	27940000	40401000
163750000	137690000	152580000	54898000	61342000	64589000	106630000	116440000	106300000	135930000	170960000	111380000	45597000	40660000	41179000	149080000	185100000	118840000
11619000	211080000	23063000	1466700	2419000	NA	18051000	40045000	10128000	11903000	39004000	18534000	6008300	314180	NA	16272000	16424000	8936300
12724000	15136000	10273000	10207000	17193000	16457000	16899000	14429000	9996600	21707000	24069000	17015000	21337000	23596000	26154000	26098000	24915000	14270000
419790	58057000	51052000	55272000	68812000	64325000	638300	1916100	737980	10123000	5858900	6997000	7582200	7789000	9407800	1955400	2261600	6308800
96783000	113260000	91083000	46228000	74093000	69587000	66039000	78980000	101550000	85384000	102610000	77327000	42398000	63272000	63473000	66855000	70957000	77660000
47943000	21550000	27544000	20136000	39898000	40211000	17580000	25411000	18686000	67635000	58214000	82008000	29159000	34896000	42016000	66146000	71404000	60659000
140810000	129030000	132240000	103570000	128800000	135010000	95538000	134680000	148960000	47190000	115170000	133630000	63250000	27693000	27694000	74509000	119640000	113790000
19154000	26148000	24163000	29922000	39159000	31252000	25561000	24677000	26917000	26363000	27819000	25655000	43471000	58463000	48463000	27994000	26573000	29799000
7957800	5750600	3786000	2977900	4029100	1560400	1934500	4633900	5505300	51077000	47668000	49388000	14559000	40454000	20954000	26504000	30692000	40432000
65748000	48753000	570980000	142450000	157660000	169910000	286920000	318630000	304570000	88836000	66542000	84753000	79872000	106980000	104130000	55912000	50998000	73704000
20048000	18889000	36969000	29586000	32150000	36049000	34238000	34106000	29957000	83066000	80694000	92083000	66197000	67968000	63902000	71598000	75124000	70492000
32265000	32936000	36227000	47584000	50881000	43460000	22045000	18663000	20653000	44523000	32632000	35239000	57490000	85246000	52881000	2.1e+07	20875000	24298000
37792000	57406000	47097000	25244000	20012000	54227000	78695000	44396000	33815000	28871000	28596000	42492000	27018000	19200000	24461000	27579000	20159000	22362000
9127200	4311400	6785700	2.4e+07	16902000	11093000	8598000	11602000	9475100	13745000	5522000	10857000	32137000	20874000	17887000	15926000	13911000	16054000
58338000	31122000	58323000	19784000	25054000	35687000	15766000	20629000	20369000	66296000	42841000	72522000	19081000	13801000	18327000	66854000	63848000	50641000
2451200	173700	2737500	567710	3126600	308340	442100	519250	NA	5037500	1536700	4224600	586540	2506000	540160	1035700	786510	NA
103420000	97750000	130430000	104690000	79163000	91758000	80171000	178040000	137510000	101510000	62597000	58609000	57157000	103450000	74987000	45832000	77119000	53201000
72007000	64433000	37040000	95583000	105690000	83547000	50182000	53186000	65119000	80388000	66996000	63060000	121730000	129660000	118430000	67954000	84409000	81286000
84549000	83535000	86947000	75651000	72263000	82585000	71516000	76407000	70203000	161050000	135390000	150440000	131070000	171730000	161730000	154750000	157250000	155120000
26716000	7525300	5142900	10407000	8749400	8898000	15080000	9162100	5914700	60014000	25931000	26223000	44395000	37998000	49579000	34400000	21592000	21033000
32558000	25421000	28282000	60264000	30705000	38131000	51536000	25850000	26035000	41793000	28384000	31784000	48883000	38010000	30389000	29847000	27185000	26701000
10223000	17622000	10001000	24039000	24689000	25603000	11455000	12952000	16315000	6035400	13388000	9651100	18006000	21515000	23605000	12494000	10436000	11990000
50699000	26248000	38904000	26613000	27433000	39892000	40731000	32390000	34534000	29977000	15175000	20717000	15436000	16573000	15324000	16369000	16567000	20816000
1376400	1694700	1384800	627390	793370	775340	1046400	670230	440410	1553100	2860300	478710	771930	994910	1084900	531170	685150	1278400
12951000	11927000	9835100	41147000	44365000	28465000	23114000	36148000	31633000	30766000	18135000	18258000	74645000	82114000	47606000	40640000	47885000	53939000
19779000	14018000	11562000	2120300	6977900	4065000	9331600	15116000	12646000	24561000	26937000	29316000	2432600	18328000	11485000	21720000	23273000	21282000
NA	657570	981510	2220300	1010200	1707100	1328500	1082600	1346100	NA	2517600	2554800	3952000	6367700	4934400	3857000	3628300	4242700
11233000	7299400	12422000	11343000	13364000	14812000	14109000	14426000	8610500	13277000	6866200	9502400	14954000	14383000	22558000	8700800	16785000	10101000
1393300	NA	83577	7846300	9996700	7485000	2773300	2103000	1308100	2236200	NA	2538600	12884000	18544000	13977000	5975000	1565500	1212400
26113000	29406000	17196000	25555000	20210000	24424000	26396000	23538000	24375000	75728000	60234000	46785000	80500000	61529000	68678000	74016000	69319000	73919000
24865000	20906000	28508000	44204000	52338000	51166000	17745000	19027000	20261000	33805000	32847000	37764000	96987000	111420000	105120000	35285000	32685000	30930000
3792800	3639600	4913300	2537600	7112400	7951000	12272000	3705900	6773200	14707000	13387000	13684000	12616000	20638000	17709000	19383000	12322000	19680000
62101000	70174000	97607000	116330000	103370000	120650000	82501000	83842000	90235000	61360000	78577000	80969000	91721000	83446000	76908000	65313000	100480000	64154000
176060000	51312000	185120000	61091000	60079000	80437000	67578000	131960000	111250000	1001600000	216970000	703170000	626730000	753050000	683130000	910760000	849440000	642030000
7314500	9392500	10839000	13078000	14498000	4332300	12453000	11209000	12634000	15468000	14405000	12449000	16607000	14756000	7281400	15885000	14966000	15865000
NA	NA	NA	NA	1527300	1578300	1535300	899680	774190	NA	NA	NA	NA	2130100	1590800	2582000	290460	207820
48395000	29066000	22114000	56980000	48333000	53991000	33454000	55073000	26897000	40840000	23629000	25152000	64966000	56574000	61132000	38121000	55202000	31780000
311710000	233840000	241600000	297240000	219550000	229050000	263500000	292060000	293080000	154710000	162710000	183140000	181590000	156920000	177260000	231280000	216920000	256010000
458740000	484850000	352710000	199720000	206930000	194100000	318840000	289840000	216580000	166780000	140500000	138690000	128140000	116590000	108010000	133380000	122120000	120090000
344940000	84215000	106950000	84080000	195750000	104510000	58657000	63242000	61147000	215150000	111640000	112300000	94295000	96362000	104180000	66339000	63366000	76165000
23803000	15267000	14490000	30806000	38358000	18705000	8777400	8174100	6228600	18968000	9635600	4461600	19283000	24812000	18255000	6598600	6580200	4886500
288260000	459970000	449440000	2.98e+08	430560000	303540000	377540000	350250000	369430000	149270000	190460000	175390000	201500000	246360000	183490000	160940000	182420000	167070000
277510000	250240000	249120000	191070000	260370000	217730000	176090000	167640000	196830000	426170000	407410000	378640000	385760000	438250000	392760000	314330000	288650000	331050000
18450000	19097000	20864000	4488400	3956700	8232400	7115800	7795800	6946800	14471000	15245000	13956000	5075900	3154800	4884200	3417100	6937400	5420400
21538000	99656000	47805000	18715000	77086000	53471000	62512000	16407000	14288000	54169000	54918000	53696000	40879000	46486000	26112000	56903000	38774000	41740000
43299000	40609000	44344000	56404000	23902000	60903000	64921000	49824000	29889000	24516000	30026000	23369000	37501000	18291000	33177000	27249000	34722000	14899000
37818000	64215000	67845000	27794000	29607000	22329000	25456000	46042000	24689000	49451000	90037000	97145000	44216000	48374000	33959000	34182000	46223000	38761000
155530000	206440000	205240000	169860000	117830000	127120000	279610000	211890000	213180000	678800000	634120000	624450000	771970000	817510000	795070000	694690000	581380000	583440000
43355000	49775000	35092000	45882000	43501000	36661000	36542000	21337000	24658000	93319000	62626000	55297000	62706000	67106000	53655000	50737000	30987000	29159000
29570000	28407000	16502000	14515000	12833000	14683000	12834000	18980000	20667000	410650000	381840000	27293000	20317000	11670000	15169000	22229000	36621000	31826000
196250000	222250000	177530000	211590000	234320000	228560000	185480000	172500000	193140000	112620000	122990000	111600000	116060000	1.48e+08	126040000	122850000	103720000	100140000
362760000	316580000	308150000	270860000	258940000	264920000	201020000	276670000	134720000	302070000	277190000	281270000	169810000	217040000	200730000	198780000	237480000	95148000
258350000	229510000	265710000	128360000	133270000	98921000	140590000	123310000	177050000	360070000	312900000	362230000	108470000	120750000	108730000	133620000	130590000	146560000
1171700	1034200	1561300	325240	234860	208190	654060	NA	519060	571810	2807000	3533700	1865100	2009100	2457300	2328600	NA	2545600
669490000	797240000	684020000	598070000	6.89e+08	730370000	843490000	774680000	898730000	677540000	830220000	840670000	611970000	734350000	816140000	867740000	826420000	818140000
298200000	199310000	2.67e+08	141630000	84272000	79506000	20235000	150370000	91533000	33304000	25923000	41627000	27352000	39103000	23452000	33870000	23832000	23593000
42101000	31249000	26845000	13188000	9057100	10247000	66471000	109570000	104150000	29861000	25956000	25096000	14846000	15275000	13156000	10516000	33806000	19148000
130070000	71839000	148170000	84684000	131460000	89015000	150600000	78507000	144660000	67791000	38872000	52319000	47842000	60057000	43060000	49819000	40226000	45554000
18884000	980420	NA	11139000	11167000	10557000	10488000	19557000	9656700	16254000	693630	NA	10162000	10991000	11455000	8111800	14622000	8942500
892840000	900560000	553900000	1240700000	1.291e+09	1162200000	806370000	898810000	862340000	501510000	506250000	423290000	854920000	927890000	844670000	495020000	497430000	594160000
213670000	139010000	122770000	25008000	57200000	52337000	21432000	31453000	17692000	90718000	62029000	77989000	11959000	18259000	16181000	14543000	28674000	10344000
72821000	74691000	113210000	17841000	27037000	3007400	29051000	108540000	51470000	56284000	90240000	77365000	6079900	12167000	8971900	24224000	36954000	20189000
1338400000	1.211e+09	1364900000	505430000	418760000	385770000	1059600000	957550000	1065900000	3706400000	3368700000	3878900000	1403700000	1191600000	1.107e+09	3017300000	2724900000	2962600000
2282300	2131000	11805000	13288000	11023000	6682900	3625700	8804300	1296800	4321500	1277600	4227200	12032000	10016000	13699000	3681000	7772000	2543700
26453000	21344000	19472000	22330000	28496000	35202000	27644000	26036000	26616000	70400000	57695000	45448000	22514000	60515000	78828000	47586000	50254000	26191000
14597000	7573300	9337400	26795000	32750000	15230000	8229400	8463400	8087200	13588000	7669500	11406000	28991000	36093000	18101000	10863000	12190000	11455000
116380000	99831000	94211000	127940000	123960000	134310000	99205000	129490000	114070000	153630000	131670000	117140000	111420000	116230000	110440000	99039000	126180000	167520000
291280000	220500000	289120000	183710000	127050000	160620000	180860000	225530000	185960000	333610000	467980000	496350000	563320000	301190000	533040000	573600000	727920000	532020000
53838000	40577000	54970000	51474000	50056000	57001000	54656000	55190000	57181000	66498000	62770000	71373000	74903000	70172000	84505000	71160000	67065000	68094000
16393000	20989000	22617000	23741000	28693000	16078000	11975000	20284000	16392000	21990000	42495000	37221000	35266000	27921000	18315000	24789000	19196000	16179000
9897200	1403400	9805800	33608000	29066000	48583000	10581000	7947900	1165200	2548200	2705700	6092300	29835000	24528000	31705000	15317000	5641000	2407200
2085100	2197900	6288000	2614200	3083200	1655900	5008300	4753800	5719200	5305400	414370	5328500	9879300	9423100	3496800	5392800	4191700	4884600
5300000	3712900	4607600	4103400	3603800	3195600	2434500	2050000	4123200	15995000	11219000	16893000	12285000	11034000	9593000	8288400	8219200	11589000
159800000	178260000	101290000	335010000	259960000	284310000	183690000	174020000	168490000	69647000	71484000	45918000	181190000	140710000	165660000	81171000	71778000	66690000
2327400	3232000	2678500	1896200	1575600	1194500	1760200	2676400	1158200	2817200	1675900	2530900	3226100	2150300	1958200	2406200	2075200	1159600
95198000	93977000	115240000	72848000	82909000	72846000	83568000	89821000	83367000	150910000	106760000	128980000	100610000	117330000	99547000	112540000	90394000	102830000
8436700	10043000	11229000	8801200	16825000	8720000	11732000	10079000	13704000	24710000	31212000	28435000	19778000	27179000	17815000	24096000	25909000	37769000
303400000	309940000	279610000	118040000	116250000	88126000	193320000	193540000	238550000	547430000	589670000	531320000	281050000	271030000	249170000	360470000	346530000	415380000
611860000	675440000	662920000	567390000	596330000	600570000	596990000	569160000	473420000	342760000	305150000	311670000	144030000	158470000	134440000	192630000	188300000	182460000
80990000	93740000	76795000	126700000	107610000	183780000	172150000	72692000	55317000	1086300000	1182600000	1462700000	2445700000	2.813e+09	2245900000	1708600000	1494800000	1774600000
318580000	277450000	215820000	354810000	418900000	376010000	254360000	2.68e+08	338620000	1.325e+09	1131300000	1059200000	1763200000	1937200000	1721500000	1.051e+09	1107700000	1217900000
312330000	241110000	267240000	50140000	89004000	50209000	202810000	233760000	219520000	389060000	373610000	422440000	135160000	135870000	113260000	309600000	380800000	288200000
20301000	24367000	28364000	5707300	10096000	11290000	19228000	25971000	25574000	22183000	14189000	40100000	3834600	6519700	3963100	11953000	10205000	10716000
29487000	21986000	17243000	29629000	42471000	42356000	18571000	22763000	17917000	27587000	16519000	21653000	29364000	33300000	28372000	23419000	23112000	21179000
91447000	75557000	89195000	61805000	70062000	55398000	41912000	44256000	42074000	224230000	81414000	122540000	76390000	104210000	60854000	43739000	55642000	53684000
96570000	27397000	34621000	4286300	4730200	12344000	16525000	8590600	12036000	107770000	77464000	100860000	12735000	13783000	33798000	52110000	26301000	28663000
412410000	337690000	422460000	265260000	201080000	264430000	235710000	307290000	236880000	296590000	271530000	325970000	241680000	217120000	258780000	170140000	212190000	204830000
34308000	206570000	193940000	179910000	48814000	50430000	58711000	155280000	176450000	32446000	88221000	126280000	141040000	71678000	56724000	77641000	113700000	182300000
78893000	98264000	75838000	21043000	52001000	29090000	58162000	66010000	72632000	195050000	72794000	53595000	41147000	47299000	51662000	43736000	48327000	51294000
378570000	392730000	395780000	160690000	187450000	162830000	295300000	265770000	246810000	1671900000	1564500000	1674600000	765350000	836470000	669730000	1594100000	1524700000	1342500000
466560000	468500000	525420000	463780000	522720000	487820000	377490000	352120000	375630000	286800000	534070000	702230000	353840000	513350000	503950000	245340000	321370000	340860000
23395000	18999000	18529000	17435000	31314000	20421000	1.7e+07	19523000	14368000	339130000	306720000	19410000	204380000	724690000	521980000	295420000	34492000	32339000
64408000	56122000	37872000	57312000	47965000	48800000	34723000	30958000	25214000	43392000	33186000	35204000	35237000	40214000	38954000	31704000	24850000	27573000
4946400	8564500	14282000	10032000	18012000	15191000	7164600	7950600	8760600	7295300	16627000	18232000	22378000	29256000	21511000	11848000	17064000	14277000
352600000	263310000	278090000	82442000	83630000	80045000	299150000	78911000	73171000	230020000	143470000	193520000	194160000	201940000	204950000	141430000	184690000	164400000
7132200	5154600	4600400	6277500	13534000	21267000	5122600	4067900	1405900	10505000	8327500	5328200	15358000	22825000	36520000	11696000	14014000	4915300
9961400	12020000	8803700	11842000	14057000	14294000	14301000	12260000	10975000	22093000	14928000	16442000	14356000	10541000	8756600	13510000	14598000	17804000
27200000	31560000	32986000	22522000	30159000	31063000	26002000	22344000	29154000	85836000	107090000	112660000	44148000	48983000	46083000	81696000	90631000	90629000
5242800	10039000	10714000	7910400	7651700	8498600	12495000	12061000	4886800	12280000	20151000	19027000	20587000	23807000	17745000	19812000	17381000	9460000
98198000	79863000	89906000	174900000	168580000	261060000	66483000	163870000	92625000	739900000	718410000	802550000	1277100000	1.258e+09	1612600000	678870000	1171400000	916850000
7065400	6844500	2735100	7258000	5024100	13043000	4694300	3531600	4651600	24122000	29140000	12901000	34930000	20885000	43910000	12199000	13202000	11670000
76016000	61415000	70607000	89079000	109560000	97917000	61897000	58568000	61039000	310230000	251590000	285310000	522020000	598070000	461070000	272090000	255690000	261280000
87496000	84931000	103110000	165240000	217040000	203690000	106150000	95101000	111840000	37286000	43175000	44967000	73536000	513660000	409580000	96384000	38530000	45076000
289170000	229310000	254450000	373960000	426910000	374250000	358820000	340090000	311690000	3535500000	2916600000	3072400000	3186200000	4188100000	4040500000	3619100000	3566700000	4.049e+09
32440000	156170000	184650000	22343000	28412000	22469000	148610000	133930000	25372000	78754000	63012000	55934000	57792000	75882000	57268000	76111000	52490000	59246000
1491500	2473100	2502100	4508000	1190200	1623200	NA	NA	NA	1415400	1097100	1308300	2339800	1640800	1785300	NA	NA	NA
9095100	11526000	5601300	5453000	11838000	9291900	8579100	8624700	9564200	12519000	7200400	8440000	8488500	15627000	14350000	12358000	15116000	12364000
53990000	98577000	100160000	1.01e+08	63035000	53802000	151140000	92809000	85722000	30139000	37740000	35070000	28002000	62929000	46584000	40700000	25876000	22913000
5606600	14066000	14760000	11209000	5555000	11666000	11415000	9206200	9857200	12334000	29347000	27611000	43525000	13207000	46643000	33758000	32692000	30430000
5925900	37900000	15088000	22984000	28479000	30261000	15981000	27608000	14919000	10832000	17013000	17899000	19953000	22884000	17290000	13765000	15642000	16786000
513520000	504670000	571750000	312710000	81348000	69458000	228050000	295370000	289210000	274660000	165270000	216220000	68542000	72057000	63044000	72614000	70088000	79063000
10878000	13021000	14616000	6103000	8131200	9266100	6621700	6694600	3361000	8702400	6051700	12720000	9027200	2652100	4552800	8016900	9804200	12362000
47948000	40098000	33247000	84043000	98709000	79797000	38756000	24668000	34330000	78711000	72617000	53172000	162400000	206080000	159550000	64007000	46544000	66888000
5435700	4177000	5553700	7527500	4447400	6641100	5331300	6091500	7795700	14946000	8349300	12328000	15626000	14716000	17526000	10194000	11576000	12087000
64517000	65020000	66954000	87101000	85322000	76281000	39275000	62717000	63776000	47122000	45443000	38010000	33788000	45576000	46425000	45633000	33395000	40176000
296030000	250030000	268440000	130410000	160770000	153060000	163200000	143730000	145480000	1078500000	958380000	1022100000	589640000	260530000	798400000	905550000	869320000	811300000
6782000	6531000	25968000	18433000	22397000	26901000	17855000	17716000	18107000	3794200	4606300	11278000	24720000	16150000	29955000	10257000	12969000	8654500
2416800000	2455500000	2468300000	1297200000	1611600000	1722600000	2203300000	2.228e+09	2100600000	1579400000	1694600000	1391800000	982040000	1165100000	1176800000	1514500000	1253900000	1138200000
9880600	40537000	56211000	17358000	15199000	27907000	29699000	47240000	54143000	24265000	25741000	41628000	30724000	63867000	75172000	22895000	22128000	37311000
7727100	7323700	16825000	22604000	19509000	15541000	18930000	6477500	20991000	19508000	17155000	17960000	42230000	28931000	16097000	20700000	16093000	15683000
436390000	431600000	750050000	848600000	469460000	514800000	606600000	561870000	536790000	729760000	582250000	714320000	605260000	622730000	558740000	533870000	518860000	530510000
163900000	132160000	126890000	157550000	163430000	177100000	155180000	164910000	139430000	286120000	165070000	240590000	133630000	121010000	130440000	252970000	157670000	182040000
202560000	206800000	217860000	281930000	260400000	264730000	228640000	253630000	235930000	451160000	722280000	788280000	1146500000	1136600000	1137300000	883970000	794350000	616500000
10147000	9654700	13608000	17039000	20334000	18895000	15060000	14529000	14112000	6876800	8012600	10147000	11307000	16346000	13635000	7978300	9835100	13321000
37021000	50667000	50794000	862220	2203800	645970	20239000	18850000	22415000	23706000	30776000	79744000	202640	1735900	866570	11997000	13210000	10755000
4789800	5389500	6768400	10269000	8862200	5288300	10518000	10737000	8437700	4176300	3995300	5398700	12675000	5023300	5984200	8780600	6882700	5447500
694240000	544680000	690920000	749770000	551240000	492690000	775510000	629210000	513180000	699780000	596170000	678560000	861290000	617900000	580660000	763750000	624530000	446710000
31641000	38803000	41636000	13337000	12132000	17761000	29432000	31068000	29773000	60207000	148120000	150200000	25725000	40667000	45648000	129650000	130840000	150730000
44520000	41675000	29208000	34058000	43527000	29064000	36148000	37168000	17168000	28545000	28070000	32171000	22267000	25163000	22568000	18428000	22583000	13057000
267990000	258530000	256200000	339100000	343740000	355350000	270490000	213790000	178880000	161190000	142300000	195890000	200260000	158380000	157680000	115190000	124500000	116310000
6977700	4904700	6782200	10568000	7003800	16146000	6168700	6152900	9649500	14403000	20428000	25235000	33126000	42596000	35675000	20291000	25547000	31608000
21236000	16539000	18326000	44451000	161870000	29369000	143090000	18194000	17117000	25185000	21513000	21111000	73962000	41324000	51675000	29597000	28596000	22449000
301980000	198030000	218440000	297890000	319390000	348750000	211490000	224980000	211700000	389700000	362520000	403700000	512470000	617840000	608900000	397880000	376590000	348960000
1253100	NA	1456300	6265400	NA	2005600	3008000	4143300	3858200	2821100	NA	1820800	9009900	NA	2556600	3977500	4664800	3352300
144230000	144060000	194810000	167280000	160930000	125090000	132200000	146390000	127690000	180820000	179420000	195440000	111210000	111020000	64951000	127580000	112230000	128760000
714120000	555040000	595820000	516160000	494820000	460570000	552640000	600820000	383740000	600510000	448040000	633820000	334820000	421750000	379780000	405670000	355190000	389670000
18030000	20267000	25390000	28040000	68497000	49025000	49615000	18174000	25853000	37806000	33935000	24539000	36497000	63278000	59769000	25729000	20232000	24796000
31872000	30583000	79175000	51592000	25063000	33780000	59205000	69459000	71752000	425070000	390760000	563440000	259450000	276130000	213320000	361700000	327210000	343530000
6876600	5523900	7083100	4905900	2671000	2867600	4903200	8617900	3666800	22869000	6687200	8817200	2751500	23171000	2895200	22962000	8012600	1612900
12248000	13719000	13454000	8712800	2596100	3855700	7960600	11367000	18376000	18264000	20539000	24419000	11028000	7810600	6004900	7918900	7385400	15239000
1327800	36824000	47321000	18359000	1358000	3022200	27430000	32228000	28794000	392210	6146500	139250000	104100000	1993400	2484600	9448600	6716400	11049000
62473000	57654000	56546000	69693000	72420000	79838000	78448000	76286000	80769000	23980000	21944000	25784000	28484000	27880000	35694000	29607000	25912000	31137000
37977000	35884000	32568000	26447000	74771000	29671000	32571000	24261000	15833000	86767000	96197000	92659000	94091000	40256000	25373000	75989000	75903000	94167000
119800000	111060000	108410000	40900000	83683000	68631000	43593000	50355000	48368000	41123000	50476000	48244000	36336000	46784000	51085000	42375000	49971000	42382000
42973000	42889000	40634000	33799000	25804000	37454000	20982000	44856000	36500000	34966000	33440000	31867000	20136000	34770000	15197000	17694000	31127000	25613000
72122000	35715000	63954000	52102000	46668000	44172000	38307000	51739000	40011000	56010000	22239000	35810000	42462000	67100000	92307000	35305000	33761000	55864000
15644000	5588500	5965000	6553900	8736600	8579100	5007800	8524200	3600000	23894000	25753000	20073000	15414000	22784000	23069000	16913000	16552000	11853000
4841200	8215800	5637400	7072800	5472700	9883700	5681700	5470500	6737900	9392800	9547400	11461000	9544800	4398900	12046000	8297600	8901200	7896100
16788000	19407000	14034000	12124000	8805600	9503100	8417000	5866600	5152800	17068000	26484000	25936000	17515000	12982000	14280000	26756000	26986000	28798000
8079600	2644100	6533900	14791000	14652000	6480400	10808000	14925000	10570000	4853300	2417800	5753700	8090300	11759000	6433800	10541000	10070000	6016800
259150000	225300000	290120000	148360000	247550000	158020000	178460000	189460000	153790000	343040000	318690000	400890000	282120000	346670000	288680000	236190000	263730000	215270000
33360000	35625000	41772000	38316000	38963000	41477000	27867000	29647000	47438000	38111000	46960000	43939000	44840000	47566000	46359000	40327000	35039000	45257000
7365700	6938600	13057000	10981000	14100000	16344000	10510000	8574300	3993000	8811500	9829200	22982000	18473000	25006000	25159000	14293000	13979000	7405800
6879400	7771500	12646000	13078000	6344800	8942300	3096400	2075600	12097000	8828900	13262000	15771000	26382000	12954000	15450000	7909400	4550600	12037000
94238000	65710000	99259000	53798000	46394000	83567000	63577000	54688000	42831000	99026000	51903000	86925000	46555000	51184000	81947000	58829000	56518000	41093000
21287000	10764000	13077000	16547000	12137000	12864000	7103200	22563000	10869000	15450000	53339000	52475000	93178000	81130000	90735000	5100800	7986600	6694400
49839000	72275000	81329000	174110	NA	14001000	2629700	41404000	NA	29547000	12842000	22409000	143200	NA	13815000	2118100	10307000	NA
2360400	1191000	1607500	1644200	1108000	NA	NA	945050	358750	6794500	4285700	4883800	11869000	7468200	NA	NA	2399600	2647000
67148000	60984000	66598000	62311000	67573000	56816000	72241000	58489000	58983000	153920000	93909000	86250000	87084000	113150000	80368000	76487000	65425000	59309000
6365600	3500900	1848600	1328500	1713600	219970	2215000	963590	4498900	1042600	1813600	1619200	1636900	1282200	437310	2015300	1456700	1637700
92150000	48090000	45546000	13317000	24976000	24556000	26152000	20658000	23985000	63101000	54328000	53248000	25391000	34220000	29165000	42553000	62547000	46005000
4922500	4681200	5323300	3721200	4402300	8326300	3374100	2695200	3504300	5641600	5538500	4959700	4507800	5760200	12969000	4746100	5105100	5241000
371660000	377580000	397160000	332070000	366810000	332670000	267850000	322540000	371210000	491670000	483150000	403080000	448760000	353980000	288980000	312270000	515630000	481570000
82542000	52563000	78243000	64821000	83103000	84009000	61311000	74493000	86330000	101610000	660500000	714830000	440040000	147190000	321380000	521500000	628150000	50846000
17231000	19912000	24024000	8606300	13587000	11565000	12193000	22209000	20549000	21766000	28586000	26315000	19990000	8600800	10421000	12635000	26201000	12305000
13235000	5672200	19035000	11895000	8468800	4752400	4347100	2550900	4812600	27717000	13073000	21427000	7072800	12016000	12400000	8467600	5440700	5052400
415680000	444290000	426420000	355370000	422050000	389220000	373790000	481820000	399470000	306080000	396890000	405100000	298420000	404350000	329470000	299510000	405420000	352970000
52075000	70539000	111980000	170320000	200290000	177850000	152790000	136540000	144040000	12424000	11804000	18460000	16858000	22246000	22452000	13102000	13747000	15029000
1.205e+09	945780000	968440000	687210000	686230000	697320000	743500000	8.54e+08	846850000	1452500000	1127500000	1304800000	1062400000	1116300000	1172900000	1078300000	1100200000	1057300000
324840000	339930000	408980000	374820000	425710000	361830000	358580000	348540000	379780000	532500000	346900000	266440000	381380000	734170000	612200000	438750000	352430000	273310000
NA	2328600	3473100	8419800	9302600	7518000	6261500	6966000	6615600	NA	4621800	4929700	17042000	19079000	13108000	8320300	9959800	8205200
352340000	614480000	564640000	496550000	517950000	426690000	440830000	601100000	529530000	543950000	690470000	732640000	542380000	518980000	631450000	616910000	723650000	683820000
29524000	22313000	28187000	18455000	22367000	18600000	10225000	10824000	15402000	112200000	80781000	94257000	49693000	49907000	48721000	10121000	15169000	50831000
118290000	1.12e+08	123940000	143260000	121140000	123570000	76735000	98232000	83047000	343580000	201550000	376290000	546870000	612060000	718240000	269330000	214920000	540970000
11767000	683510	1796300	4066700	6319100	6417200	2764800	NA	NA	33702000	17231000	18792000	58830000	67980000	58790000	23162000	8188000	8355800
155080000	83247000	94073000	64372000	50638000	45729000	100660000	69306000	61383000	91877000	84364000	89434000	107910000	71193000	80574000	121050000	69444000	74914000
4547000	5413900	8090700	8424700	7788900	8952500	8049400	12682000	10505000	9737700	6608000	8183000	7490400	17025000	18987000	7039900	13529000	7986000
388180	18465000	17628000	1171400	1229300	14681000	3800300	4948900	4544900	4228400	15034000	132280000	975260	6214000	17622000	6945700	14942000	14544000
4924600	26419000	27736000	1015700	11204000	4091400	1767900	16704000	3080400	12947000	11188000	15109000	1378000	29863000	31732000	5231800	6839700	4826700
42706000	41615000	38702000	29577000	32484000	34653000	39640000	36381000	33700000	32587000	35142000	37555000	22457000	57325000	55751000	34202000	31426000	33416000
31928000	34343000	44481000	40787000	31748000	32828000	31591000	45168000	31772000	39410000	43876000	45834000	50645000	55380000	46391000	32601000	38109000	41072000
54875000	47829000	46473000	41214000	45338000	49343000	65004000	42194000	36408000	74227000	81322000	86117000	56143000	85849000	81180000	85757000	78230000	71324000
62550000	68021000	76109000	44793000	39310000	35818000	56468000	62615000	42094000	98887000	69761000	50246000	24241000	32374000	31259000	45346000	36673000	16146000
1801700	3133600	3031500	4190000	5781100	3639800	2505500	NA	402410	4778100	3988200	3421400	11572000	10727000	8454600	3918800	NA	502540
5177700	8793500	18929000	30586000	20970000	25542000	22785000	25597000	19826000	15922000	3250200	4040700	18506000	8543200	8995800	7184800	27433000	25548000
23411000	22651000	7038400	10782000	10154000	5751500	7317000	12091000	18482000	18598000	25234000	16979000	12834000	8700100	8235700	12838000	7778000	9600800
9127400	2198700	7170300	766290	1424200	352390	1301700	6783600	3053400	13598000	4832900	14107000	2639100	1778200	1381800	3503900	12671000	3764400
34825000	31541000	25923000	50384000	46733000	47561000	29391000	36282000	39269000	24399000	48507000	23903000	54169000	52532000	59483000	37797000	49538000	40173000
586470	535050	1983100	4786100	3344300	4542100	448790	248580	409090	1888700	322650	3939300	10281000	4735300	6761600	520160	379220	502270
51688000	60952000	35469000	32264000	12452000	19931000	39055000	19636000	15632000	29847000	33554000	29527000	33777000	19261000	27928000	41987000	37134000	25212000
100040000	68736000	66406000	116160000	126830000	125080000	62967000	91564000	79232000	56453000	54571000	59672000	107990000	118200000	126290000	51950000	53349000	64070000
48377000	53746000	40156000	37299000	11311000	12377000	25972000	26141000	25004000	33217000	15825000	32404000	10834000	8463700	5836700	14651000	11786000	15472000
94173000	86530000	89620000	65790000	81088000	73882000	75298000	79484000	81834000	68425000	71553000	32005000	81016000	113900000	80778000	69089000	69293000	6.9e+07
17110000	14089000	41745000	609590	39263000	45834000	1859800	36461000	2482700	2578800	1209900	4819200	3227300	1870400	5586800	1700600	5566100	2550700
2127300	2899300	2689500	1150000	785440	578090	1355700	2298100	1193700	3207700	4866700	4253200	3536900	3388900	563180	3135000	3005100	1906100
572710000	631660000	638330000	745830000	671910000	649440000	556900000	6.03e+08	538440000	908050000	891460000	783290000	1043900000	1.183e+09	1147300000	1016800000	988840000	854140000
112980000	28255000	21319000	44714000	42560000	19696000	20348000	24389000	27848000	63697000	48447000	33226000	33470000	29979000	18029000	20094000	23463000	25192000
56729000	70540000	53324000	39018000	44458000	55488000	59129000	61903000	78379000	99879000	79363000	92954000	81471000	103100000	117290000	65355000	78348000	92530000
124610000	113410000	127050000	44703000	87618000	68446000	146070000	178410000	136710000	112140000	123240000	132970000	31949000	45655000	41004000	65516000	75425000	67534000
338690000	345540000	333130000	119500000	120420000	106150000	236330000	224270000	221800000	157460000	157640000	162940000	63692000	64299000	50506000	110830000	1.18e+08	118430000
37988000	18643000	16293000	12093000	61373000	84246000	9025300	11899000	91453000	25183000	13768000	15434000	15435000	45958000	67258000	8466200	12177000	56760000
3595400	1966900	1883400	2840600	14449000	6383800	4318800	2641400	4270600	56911000	52086000	49991000	82351000	106130000	78296000	65047000	57533000	89544000
726220	581390	641330	2011900	3346600	5369200	3876600	1866500	1055500	2940600	2438400	2157300	7927000	4786400	8514500	6676000	3323800	2717600
400430000	309080000	329410000	442570000	468960000	429410000	226050000	213990000	215870000	267020000	285260000	252710000	160240000	107180000	130810000	148600000	151400000	157920000
88455000	12322000	14978000	10970000	9712800	59338000	106580000	92963000	99983000	7631700	9904100	10540000	8455000	7060300	5797800	6281900	5179600	9131600
61490000	55838000	74438000	77801000	77865000	79276000	80683000	66684000	63918000	50603000	34112000	47534000	53674000	46345000	61953000	43303000	45911000	46590000
71384000	62578000	54261000	19404000	19973000	27026000	30527000	40087000	32914000	62099000	39937000	30421000	16481000	18473000	15631000	23736000	34137000	29696000
90746000	185940000	206310000	29192000	51062000	46539000	77408000	99888000	74246000	66545000	133650000	138890000	26074000	25369000	25621000	37596000	37204000	19987000
9304300	22785000	16394000	28233000	33710000	34775000	21717000	34282000	24874000	8574000	15815000	14664000	28448000	27556000	34642000	17471000	19652000	17418000
2114700	5287300	3701300	6681300	6934100	3065700	4120700	2036900	1091500	2866500	12793000	9431300	11517000	13411000	9721500	7189900	3706200	2312600
18025000	7313300	8829000	32135000	33658000	13108000	38272000	10593000	47764000	8057800	5289000	3079600	14112000	12956000	11197000	5483600	4358100	3527300
88815000	88060000	97810000	73089000	59578000	58298000	77673000	86085000	55683000	62179000	92637000	88891000	89996000	225750000	319060000	69130000	85638000	69512000
174070000	174540000	172360000	191590000	228760000	197260000	153150000	171930000	142060000	100340000	102530000	107460000	139890000	164890000	139190000	108570000	126560000	86478000
6343500	97682000	108500000	67716000	7704800	6986100	10934000	77540000	79765000	4602500	3027800	4108400	8457500	10730000	3230200	3200500	3046100	3464900
349600000	385400000	363470000	304380000	247610000	255330000	311390000	285010000	283800000	340320000	296190000	277830000	264010000	264350000	275210000	259810000	129110000	124430000
902860000	888720000	1107100000	626220000	589080000	609090000	741910000	835950000	902580000	1023400000	955450000	1245200000	714220000	721080000	684850000	850800000	1045500000	1033600000
3874300	10003000	8037200	6728900	5745300	2899300	4388200	5229400	6462800	14927000	74408000	30371000	25395000	17199000	8246400	12782000	27721000	23907000
28908000	25897000	17899000	17092000	21966000	23549000	28924000	25166000	24718000	65809000	45503000	34508000	21338000	12038000	31579000	42669000	39420000	41926000
22060000	5699100	7613500	7326500	22527000	3202200	12563000	4298900	6182100	3927800	2969000	4568700	5152900	5764800	2461200	8921300	3226900	4875500
2517800	3250100	2219700	NA	735450	3310000	2005000	1035300	623130	4815700	7927200	7711800	NA	3297900	5160800	2528900	943410	765380
35610000	23874000	85124000	60257000	153150000	178640000	28469000	129390000	63119000	51075000	35897000	31783000	64527000	50837000	49494000	55491000	39348000	43430000
46697000	49121000	39081000	17881000	9471300	4778700	23211000	39283000	59490000	27461000	32059000	31204000	8107700	11176000	3565800	16204000	21008000	22920000
3917200	3420900	4874900	5252300	4812400	2565300	4931800	6685200	7161600	24759000	3133400	3980900	5816500	26909000	6309100	2674100	3522200	4399000
64743000	53916000	62574000	67372000	57601000	60965000	47205000	42864000	45526000	75282000	56826000	65687000	86185000	114770000	103780000	72930000	72846000	87051000
7339100	10664000	12810000	23487000	16410000	26122000	9755300	11559000	7203200	46069000	52657000	55330000	22387000	19171000	25491000	18686000	29295000	10976000
200430000	209620000	208520000	183780000	183570000	194230000	176130000	143190000	182310000	376600000	239940000	195900000	211590000	244910000	236340000	169870000	135430000	177370000
91382000	89322000	80546000	58437000	82923000	54650000	28050000	44133000	65986000	111550000	109660000	100080000	196970000	124850000	190010000	167220000	56010000	97702000
157390000	199430000	219480000	181150000	176940000	170150000	208920000	182900000	204730000	34657000	14846000	17067000	18085000	20880000	22726000	11427000	8648400	8857800
67534000	75680000	80488000	3048600	3021900	690510	10590000	18871000	10325000	19329000	24780000	24313000	4950300	2762700	1895300	8845900	7521100	7697000
39967000	17330000	18107000	4768000	22784000	23554000	26446000	12250000	13821000	36934000	27353000	36068000	20649000	8482700	13819000	29913000	22713000	22988000
8328600	8059800	8889100	3452300	3033200	3198100	5602300	6408700	8374300	9374900	9446600	11742000	7284600	4089100	5179100	6417000	9240500	9052200
492910	1113800	2500400	21393000	11338000	20598000	7295900	3374500	4947000	917880	688320	11481000	16148000	8935000	19583000	9391200	4831900	4286700
123810000	1.07e+08	110710000	81427000	94289000	84563000	117940000	120270000	111570000	100370000	147830000	133010000	99457000	65556000	81525000	114230000	114570000	120540000
262240000	227660000	261560000	257220000	280930000	328840000	257250000	362480000	363800000	127190000	105850000	169090000	168240000	148680000	143840000	123150000	108860000	105490000
10737000	7369900	7901800	10304000	15378000	14746000	12409000	5127300	4897900	4477500	4188200	5523300	5842200	9654600	7793200	9119800	2440300	2141500
84507000	185440000	110640000	32519000	43565000	49050000	37159000	60221000	44888000	50379000	34929000	35256000	35949000	24462000	29230000	31624000	29794000	21016000
2154500	7007200	8361500	15543000	2176500	12968000	8469300	3700200	1013400	3450700	36111000	44888000	46510000	4730000	19533000	48031000	3557500	366710
35341000	74618000	77168000	75058000	53010000	54027000	65502000	54585000	36088000	57662000	66395000	69432000	93001000	70463000	73477000	64113000	59921000	59302000
648470000	656670000	566640000	664080000	643980000	590410000	404180000	560020000	556050000	1218400000	646400000	1306200000	715760000	773260000	606450000	552560000	1056500000	528160000
24492000	15251000	13487000	19470000	25569000	27081000	20413000	23091000	20635000	35944000	15544000	16558000	22356000	26172000	30465000	11056000	18655000	16300000
1167900000	1071600000	1053400000	1215100000	850850000	1369200000	1362800000	1024100000	947280000	2896700000	2591800000	2573800000	3300300000	2.333e+09	3488600000	3383300000	2445200000	2317300000
3246400	6630900	6547000	2247100	2679100	2141700	4499600	3111900	2234600	399380	1436700	2092500	2716300	3138000	3131900	2403200	2233200	197210
83140000	65083000	78655000	99519000	110390000	113930000	64546000	84844000	78687000	255270000	69620000	63403000	186370000	230720000	218710000	199030000	186030000	193280000
436050000	221060000	537410000	115930000	95961000	69831000	244350000	85898000	170730000	192760000	147710000	180300000	107360000	88392000	101760000	131890000	124640000	124130000
54826000	251690000	281690000	169890000	144820000	110500000	169810000	128090000	36534000	102540000	99764000	134590000	17732000	85090000	87856000	117060000	40844000	26415000
109350000	67229000	79214000	75482000	123910000	176560000	64506000	51302000	55919000	167220000	104300000	122550000	154880000	155330000	261580000	92269000	79925000	82560000
207600000	249230000	221920000	228640000	213680000	219210000	214660000	220290000	226340000	187510000	221670000	166550000	240020000	238340000	269490000	197250000	205820000	229650000
9130000	9971200	11973000	6221400	28713000	26473000	9332100	3626900	3439000	9164300	8301000	8933600	12469000	23471000	20665000	4685300	2750800	1143300
54414000	44092000	53731000	26281000	32695000	24964000	50863000	46899000	29600000	76946000	65264000	67390000	89656000	46795000	46507000	59453000	57815000	24551000
81159000	81717000	83743000	59495000	38127000	42574000	73787000	30323000	54913000	71411000	56405000	59812000	90780000	44772000	57294000	68210000	48808000	54960000
132640000	171500000	184310000	88496000	250600000	439830000	148020000	229790000	240060000	230860000	253420000	226020000	180090000	192820000	210440000	231340000	299130000	263390000
27346000	27366000	20445000	18781000	36843000	35182000	23693000	9752800	19839000	14197000	8888900	10868000	4525500	13871000	9771400	12217000	1462200	11326000
227020000	224720000	181460000	376520000	219920000	333530000	264490000	276220000	263400000	450550000	440770000	406400000	813200000	566070000	748550000	495160000	484130000	462490000
283010000	89723000	424540000	79878000	72064000	93459000	183880000	166930000	112680000	112910000	98763000	140250000	86402000	71459000	77236000	85461000	71289000	82026000
9346800	8582300	5810300	1445700	2463200	2460200	7288000	5182800	4768900	26073000	26987000	37610000	21911000	3612300	5803000	6724800	29983000	26383000
4519500	22261000	31406000	2573600	13085000	1638600	4118300	1126500	16947000	4094900	4766200	15621000	8782700	10704000	3933600	4214200	3334600	11197000
39852000	38228000	39037000	49626000	45418000	38955000	32716000	45834000	39034000	112420000	94526000	113320000	104220000	122070000	102940000	115530000	131700000	124710000
6992500	17786000	23293000	28644000	33347000	36665000	15889000	10425000	16455000	8728300	17939000	42789000	21834000	34588000	35208000	23497000	17260000	18689000
127360000	93879000	95305000	168650000	115150000	122180000	101830000	91237000	92777000	379680000	296310000	247850000	494970000	339240000	324630000	284020000	247350000	254960000
8570200	9451800	9186700	NA	1725900	NA	47822000	44947000	1064500	7920100	13393000	12975000	NA	2804300	NA	16895000	29627000	1863100
32981000	19554000	18784000	15949000	19818000	26863000	19102000	15774000	7879700	36150000	18788000	27430000	51499000	72505000	48465000	65612000	41705000	11740000
127530000	86608000	79688000	44508000	32700000	39277000	65630000	48776000	52654000	152170000	129210000	125010000	93445000	84121000	82934000	104870000	98327000	107940000
452970000	353980000	425340000	278510000	217210000	193930000	256320000	250700000	383470000	143660000	220660000	222050000	234630000	178260000	168840000	154920000	192110000	265490000
187870000	82608000	41465000	31353000	37002000	41146000	46401000	46867000	36211000	60091000	26939000	30281000	37939000	38266000	30725000	25691000	35871000	37208000
21340000	20128000	19529000	25026000	15344000	20084000	17082000	22812000	25196000	55469000	17021000	14852000	18247000	47206000	36761000	13315000	9298400	13916000
111120000	74939000	106360000	26824000	25996000	22196000	63028000	79567000	81534000	149260000	97597000	147270000	58576000	42576000	43978000	100760000	111250000	113750000
NA	271310	1952100	4059000	2924400	2979100	NA	3864900	NA	11704000	2156100	23107000	25658000	31438000	28671000	11519000	19729000	10919000
36978000	23087000	10513000	37125000	40985000	34948000	12161000	25509000	22956000	33592000	15420000	15011000	52441000	60692000	39120000	15984000	31565000	35199000
1.69e+08	152690000	151400000	154310000	132380000	121560000	116520000	122310000	121620000	128490000	105300000	132070000	104070000	135430000	126780000	94879000	98903000	77383000
82764000	77943000	137870000	129800000	99306000	101480000	97795000	116020000	113460000	165270000	128710000	209910000	212850000	161680000	175620000	199590000	195960000	150990000
295840000	335600000	311920000	45471000	74445000	70508000	225570000	393830000	262960000	391480000	464520000	441600000	59324000	74471000	77743000	362090000	333220000	349720000
2188200	1905600	2364600	4506300	4659800	1980700	2152800	7032800	4737300	4431300	3943200	5683400	7831700	13552000	4854000	11074000	16132000	10016000
61044000	61404000	71326000	2341000	17240000	1617500	53801000	48034000	40248000	39813000	45527000	77923000	3857200	8466800	2633600	35473000	46249000	28097000
7836100	6159800	394430	4929400	6662200	4393900	7713600	8604100	10711000	4498600	1901500	2451700	2482600	4359800	4824600	4983000	3408100	7346200
6540300000	5620600000	6161700000	5418300000	5886700000	5620600000	5455400000	5656600000	5491100000	8363100000	6182900000	6835300000	7091300000	9053400000	8524700000	6576500000	7478400000	7164300000
11295000	24855000	11178000	46809000	38130000	33970000	16555000	23616000	30866000	17890000	16809000	12655000	25996000	29121000	22537000	22774000	14046000	29911000
77849000	79585000	66650000	35361000	30083000	29479000	43478000	78106000	96507000	62326000	63611000	72620000	47371000	37904000	26953000	48222000	46075000	66738000
105180000	67299000	42855000	64444000	96978000	80037000	109600000	137050000	125660000	31456000	96709000	62389000	142470000	165050000	170730000	82241000	53883000	53088000
3751400	4608700	2554500	14325000	6622600	5333700	4202900	18753000	4172300	32703000	33233000	28295000	66262000	54928000	42337000	29734000	63988000	32805000
7183900	3582400	7817700	4944600	3061100	5023500	3432600	2916400	4673400	18532000	8280400	16057000	13770000	6721700	11931000	5956700	13988000	11123000
12970000	20073000	21795000	24401000	22446000	25320000	17890000	14908000	14838000	20534000	24295000	27645000	40487000	30504000	39572000	31368000	24345000	36088000
120060000	97407000	92266000	44961000	56756000	46322000	90960000	80247000	79888000	73774000	69019000	59694000	42028000	50274000	37826000	52967000	65146000	56230000
53611000	55772000	44296000	54515000	31372000	34616000	48216000	109360000	38132000	103010000	96171000	176600000	115680000	58147000	61738000	108690000	151500000	35968000
63850000	59069000	51874000	35871000	11217000	18307000	13625000	13216000	11023000	44277000	99646000	88335000	51541000	9860700	9914100	57718000	30504000	41255000
344050000	77021000	75250000	52386000	3.43e+08	326820000	340750000	319960000	335500000	130580000	58696000	51951000	36097000	102940000	96007000	117160000	109800000	108060000
5553300	7443500	9945100	9392200	14564000	14308000	2171500	1998300	2162800	4819500	12651000	17586000	12874000	23013000	22463000	1597900	1931500	2449600
11544000	11493000	14360000	4909400	9334400	9455100	7485400	1127500	13767000	13713000	9382500	11932000	1142000	11675000	6544200	259110	3635500	1268500
33557000	14421000	17538000	17989000	16373000	15242000	12471000	13155000	12261000	16288000	7214400	14989000	75012000	21666000	18620000	15560000	7735400	11223000
50039000	43801000	47289000	47389000	36918000	32403000	74827000	89952000	85163000	39424000	45237000	41699000	39026000	42376000	66138000	44733000	64371000	55505000
114960000	127680000	131470000	74664000	57229000	58234000	63611000	63844000	55297000	78730000	94073000	81708000	65122000	70189000	59376000	50132000	66130000	46859000
224050000	294220000	264340000	173100000	220190000	183430000	220870000	216430000	205960000	310360000	3.73e+08	374780000	245590000	285360000	251980000	276300000	291270000	271700000
351520000	356480000	84957000	86534000	578760000	513400000	362340000	46815000	84058000	83074000	99152000	256700000	859850000	200010000	281450000	340880000	823770000	927050000
635730000	587890000	620280000	119520000	161280000	173170000	412800000	338340000	333410000	739220000	629780000	713370000	293670000	227960000	230470000	420710000	393320000	460320000
47518000	45060000	50990000	78634000	80293000	101440000	61336000	49523000	61911000	85557000	80614000	77538000	142540000	151180000	187510000	98583000	60160000	73408000
555880000	264130000	241270000	238890000	408660000	322040000	235510000	262870000	272460000	375920000	1362900000	1558700000	269850000	439740000	409510000	1249400000	227510000	1631900000
59416000	58998000	70461000	33269000	24881000	49633000	31378000	42811000	50606000	30549000	32360000	36722000	30828000	30096000	31156000	37767000	51951000	47985000
42780000	56069000	57148000	63380000	53461000	102100000	57034000	44733000	40407000	54463000	103540000	92165000	117370000	75844000	122900000	85987000	98019000	59117000
2466000	1682200	NA	2715600	NA	680930	1476900	1359000	2459200	1865100	1826200	NA	2084900	NA	583180	2093100	1920700	2121800
82477000	96444000	134720000	197590000	120240000	137330000	147060000	139880000	57959000	36953000	57953000	49021000	66770000	70878000	78479000	56130000	53246000	47313000
3995300	4321900	4106200	17698000	4036300	3181000	4132400	3540800	25579000	3200000	2853900	4239500	15128000	1352300	1763100	1852800	3158100	15769000
39141000	265770000	184980000	8435300	13154000	6562200	60368000	31017000	217440000	32856000	197020000	209700000	4088600	10232000	5424100	163070000	50969000	169320000
36184000	25962000	31269000	10182000	13752000	8032600	13739000	14894000	16085000	17191000	10381000	13086000	10993000	56035000	5495400	7280500	6390700	11289000
12958000	17235000	34105000	27126000	16776000	17509000	17403000	16456000	11513000	17526000	17680000	21678000	28018000	19812000	17630000	23712000	20152000	17837000
238660000	217700000	284910000	184510000	183780000	204130000	261470000	208800000	172310000	212260000	189750000	100590000	117240000	137870000	163350000	121510000	201070000	185690000
29648000	10338000	33514000	19163000	8256900	5970500	14606000	16510000	17624000	14563000	10362000	13298000	7071800	7166400	7095200	4174300	11412000	7886700
176900000	191450000	172620000	88974000	118460000	137960000	136710000	151360000	157780000	347810000	374270000	390870000	334960000	310790000	263880000	293090000	350480000	292060000
52652000	47641000	61041000	10279000	9387200	16028000	14805000	30506000	37113000	31184000	26093000	31957000	8655600	11296000	17227000	22694000	30560000	30048000
80452000	52902000	60274000	57701000	71895000	73815000	62872000	53533000	60131000	36593000	24777000	30363000	24772000	33683000	31999000	27037000	25414000	34006000
62046000	77282000	85743000	63646000	74416000	60313000	61634000	57965000	77341000	104840000	144020000	146210000	123460000	144960000	124200000	99450000	82636000	119910000
222300000	213620000	167970000	67974000	38134000	88202000	117600000	135540000	144240000	255760000	251480000	382490000	78917000	101890000	93375000	112490000	129480000	1.8e+08
68403000	73440000	77470000	105290000	74498000	108590000	75168000	91291000	66446000	120340000	134670000	150920000	202830000	145830000	213730000	134220000	128810000	124080000
485560000	501490000	490220000	377970000	396940000	426710000	424230000	450770000	410560000	225290000	214630000	201170000	225790000	248440000	272660000	192130000	197780000	183130000
30403000	29330000	39383000	56794000	36993000	43940000	36899000	35120000	30803000	34996000	32620000	51435000	75492000	63329000	60207000	3.6e+07	41993000	40383000
16751000	7718400	20694000	8653800	15671000	9219300	3991100	7818800	6605800	8128500	4433100	22198000	3250300	4956000	3316600	15490000	6782300	5477000
130040000	101330000	116910000	68260000	61942000	51165000	101460000	106610000	112510000	109810000	104600000	100390000	81907000	62165000	64931000	88952000	82025000	94343000
7530800	7123700	7086300	12416000	24388000	23570000	14591000	15984000	18603000	12238000	7639300	8445800	16700000	31597000	32094000	16160000	14847000	17179000
41885000	19897000	11772000	12995000	33581000	26979000	27312000	5926700	4303800	26744000	17710000	20519000	26301000	29463000	35344000	11555000	11181000	8051100
13964000	15415000	16206000	20902000	30321000	30498000	32993000	25044000	23725000	23715000	22342000	21212000	30828000	45951000	43265000	40110000	34769000	17253000
3963900	3754200	3869900	6407100	4643200	4360200	6383000	3657300	3853100	5848500	5817400	5886300	12896000	8129500	12207000	14226000	6430300	6774900
NA	NA	NA	5446300	14010000	2840600	8759300	3566100	7433300	NA	NA	NA	23661000	22058000	9732800	20548000	13607000	20124000
330970000	290800000	270040000	447870000	461030000	392400000	360190000	369840000	302780000	780230000	703920000	636790000	985090000	1207300000	1070400000	898770000	776450000	643900000
426460	725270	289700	1284400	3518200	3399600	633850	567650	2227300	8403300	132450000	5648000	4245200	107940000	16877000	3763500	4366300	64560000
7266700	16997000	15824000	22430000	22426000	27029000	23409000	21035000	20006000	9738600	21978000	17299000	40118000	15864000	45242000	15306000	12912000	19630000
5867200	10769000	7460500	9283800	14914000	14948000	11225000	9840000	7302800	11472000	18437000	8390600	12661000	20723000	18932000	7808300	11090000	6937800
481050000	389440000	455220000	366380000	391530000	361950000	495470000	431350000	483900000	178900000	195370000	181410000	167950000	185740000	178420000	225710000	173890000	172330000
8155600	7201900	9618400	13113000	12357000	13716000	8439000	7394200	11148000	10369000	11809000	11131000	21657000	15899000	19552000	13401000	13137000	21582000
23058000	8621400	11464000	7285100	3785200	3205700	8935400	5183900	4286000	6146900	3429700	2593100	3567700	2238800	1223400	2684100	2446800	1996800
11344000	4195700	6372800	5280300	3418500	7098300	3197200	3922900	3227300	17368000	8159900	10358000	8509700	9645800	12913000	7879700	7192200	8045600
109010000	78271000	87784000	56693000	62965000	45694000	79731000	127330000	122140000	218070000	107990000	154110000	122970000	94365000	120500000	151240000	117740000	142370000
3717600	5080800	6343900	8167300	4001000	7147300	6803400	4186400	6546200	4400800	4777600	6162000	11805000	5588100	9485800	4338300	3257800	5288400
41232000	25962000	49895000	7520600	6606000	7919200	20184000	21966000	34188000	17797000	14337000	36560000	10882000	10372000	7301200	13384000	19191000	27981000
8713900	8871400	8699400	8660700	8325200	11393000	14819000	12903000	6364600	20659000	20864000	18305000	20743000	26084000	21967000	35154000	30570000	21524000
33879000	5224900	4670300	19966000	23891000	20972000	11244000	7446300	7515600	28795000	10684000	10714000	37613000	41926000	37961000	18174000	14139000	16433000
20068000	12072000	43571000	10042000	2319200	2994400	10283000	12912000	27271000	7930900	7595100	11751000	6710300	6615300	3382100	10026000	9069500	10432000
507700000	303010000	260020000	238970000	168310000	193990000	238590000	416140000	254450000	410410000	326270000	309740000	276410000	228520000	237790000	263050000	372830000	243550000
7183100	1270900	8367700	4692300	3508200	4569300	4873400	10162000	1108500	9097900	540680	9634700	8395500	5669300	8968700	7034600	8686800	885490
78243000	81227000	87512000	50472000	32486000	42419000	73057000	64207000	52698000	26767000	30400000	40169000	24389000	16295000	19475000	28199000	29532000	21607000
1747600	5283800	6039500	3898000	NA	NA	4424500	1184400	NA	948300	4296500	3990800	3020000	NA	NA	5132600	1758100	NA
1992400	NA	1065400	1660300	3534100	1006400	1907200	1513200	332310	2916600	NA	6175400	3548200	12742000	2624000	3891200	3886200	4135500
15878000	18725000	17287000	25364000	29231000	19290000	18189000	12661000	10960000	43267000	73102000	68158000	89226000	69970000	62342000	49787000	31452000	32570000
21342000	26910000	33375000	41324000	26815000	20301000	33828000	29486000	28493000	26248000	38076000	37449000	34332000	47466000	39506000	42447000	36357000	27121000
2741800	5568100	3505100	NA	NA	NA	1167700	1871700	2267000	5434200	16975000	7940600	3375500	NA	NA	11825000	4657500	4687000
97898000	23327000	33571000	5666900	7398800	2705700	8132000	19818000	10811000	28580000	61062000	138810000	4501200	9118300	3640400	22827000	59387000	20801000
33857000	34568000	29901000	85142000	134410000	78545000	92625000	55318000	58530000	42995000	36802000	35180000	58693000	75756000	64892000	40384000	44670000	45242000
24247000	20563000	16729000	14685000	17181000	15579000	18426000	17491000	19087000	12887000	18044000	17803000	20688000	14929000	11931000	17949000	25359000	24853000
54837000	59879000	52850000	16248000	44456000	37217000	52433000	51778000	56322000	25601000	39875000	27020000	5570400	14399000	17506000	43909000	20007000	18900000
92655000	111700000	2689200	3370800	3370500	22491000	9002000	28070000	30316000	4844700	5973500	5034000	16433000	5730600	6195900	38949000	14066000	21092000
26362000	17107000	19799000	24785000	23490000	24066000	16016000	15780000	16425000	22295000	20592000	19258000	38207000	21429000	21415000	12205000	28969000	24849000
16415000	13916000	9636300	25577000	12572000	39653000	166820000	11300000	271800000	10389000	5773800	4511500	28828000	8760300	7187200	1253400	8009200	6766800
1302100	18854000	7320800	3346100	2263700	32270000	16301000	3552200	NA	6234000	5244200	3383500	9282500	8075100	10435000	4637000	10748000	NA
12537000	18688000	17857000	6072800	11559000	12085000	13194000	4417800	6919100	196320000	244610000	252630000	134860000	206010000	235370000	189130000	110240000	87337000
39598000	34375000	33416000	46552000	37667000	29493000	30789000	31889000	27449000	50047000	134330000	34830000	64440000	211200000	27482000	30418000	53068000	47083000
28736000	31236000	35108000	28829000	26808000	21453000	43662000	36473000	39961000	50575000	54102000	46657000	43467000	48329000	47394000	57461000	59008000	55216000
14161000	9566200	5584200	3001300	2577800	3166100	8226400	15696000	16807000	27413000	14775000	7593800	10165000	6236800	7468100	11765000	17549000	20964000
53381000	55723000	66448000	16205000	38810000	32342000	71404000	91520000	38472000	66852000	84054000	87358000	34734000	24916000	22195000	47464000	49100000	44933000
330710000	30507000	35021000	22159000	121480000	50474000	31470000	23401000	23611000	34550000	33414000	40591000	31158000	22926000	23299000	33396000	13158000	34111000
6707300	715760	3840800	2468300	3274700	1798300	940800	1576900	2099200	3493000	1015100	1927400	2183500	3224200	1733800	919030	2317000	1098500
58465000	22589000	17889000	14285000	28259000	39215000	32831000	42085000	40879000	11881000	16168000	12579000	11635000	10129000	10425000	8982500	12459000	15834000
1547300	37605000	39123000	37270000	33851000	20997000	25090000	22644000	25715000	6052400	9197100	5936700	10981000	15676000	10691000	5691300	3912400	9155300
42660000	109470000	41763000	39857000	67380000	22757000	47460000	39620000	23610000	214270000	188620000	198710000	142250000	155360000	71095000	176060000	103370000	112920000
51247000	29903000	31551000	50975000	32416000	41147000	57017000	45211000	43885000	124110000	83524000	78050000	111660000	101710000	109960000	120580000	88435000	83478000
27391000	28399000	33154000	70208000	69953000	70632000	41611000	51971000	38868000	47519000	38334000	57307000	122500000	124500000	111230000	54979000	66048000	60576000
NA	NA	2601300	3964300	2782200	NA	1416700	1632500	2327000	NA	NA	7619100	9016900	11624000	NA	10115000	7684500	7473200
5209700	6328500	7531300	9408900	8832400	14185000	8773200	13884000	12053000	12263000	2652000	7667700	9419300	16761000	13256000	8471100	18884000	10656000
11286000	7088200	2769900	10848000	6116800	11960000	9486100	7552200	3056600	NA	1479700	1292000	9562600	9289200	9697600	2321000	2691100	2659600
41166000	38737000	38627000	36124000	56753000	49728000	48323000	29578000	27596000	396900000	279470000	286670000	275260000	346660000	282150000	295790000	393830000	259380000
7270300	9853200	15394000	15038000	27400000	13472000	11296000	9878300	9617100	12379000	25951000	32768000	34482000	24266000	23647000	30423000	28330000	19257000
40294000	31581000	25210000	6393400	10617000	11360000	19690000	20425000	21078000	30441000	21441000	18477000	6988900	17538000	19697000	12436000	11318000	10833000
332690000	259560000	281060000	301440000	278130000	223880000	275260000	282260000	292490000	394440000	370160000	412990000	375010000	402670000	402280000	422420000	398440000	370560000
7683500	28592000	8113900	8218100	11218000	10133000	10078000	6335100	19711000	8534200	7260000	8199000	10641000	10762000	9899200	9192900	12587000	10529000
4225100	22348000	24684000	21869000	2402200	24207000	20705000	19834000	18260000	2627800	5683700	7769800	16547000	3735200	15652000	7598700	13815000	6624800
76806000	98149000	113320000	44277000	64777000	52968000	99502000	103320000	110250000	109490000	164470000	167970000	56912000	92994000	67840000	123290000	108680000	131900000
87711000	50494000	56606000	76763000	58988000	51412000	45579000	71475000	77168000	74422000	133060000	529860000	275290000	370090000	45684000	641110000	52113000	61630000
12430000	18920000	10675000	19983000	14632000	27946000	26888000	20103000	18232000	6359100	8288600	4138000	7733600	6080500	12530000	12254000	7989700	7785300
206290000	197160000	190340000	32896000	48377000	36081000	109450000	148970000	151410000	120290000	113200000	113730000	58806000	64953000	49164000	93852000	102160000	99204000
5395900	NA	1390000	1101900	5798000	8420800	12064000	NA	NA	956040	NA	761580	608920	1693600	1660600	2475300	NA	NA
2518200	2289100	2377700	4159500	4891100	3247500	3180900	5679400	3532100	8654200	2226200	2225600	3088700	10036000	3445500	2360800	35012000	29288000
28763000	37267000	31441000	25370000	43741000	34046000	67914000	65483000	60486000	183480000	59237000	48340000	37109000	127250000	31057000	72622000	56426000	65510000
12510000	5248000	5280500	10816000	18150000	11637000	10950000	9938600	8993100	19884000	6716900	5476600	26592000	37815000	22586000	12986000	16256000	11644000
16034000	10810000	10117000	20998000	18707000	16942000	13709000	16975000	17649000	16829000	12734000	12504000	28718000	28996000	30634000	18804000	23680000	24211000
NA	NA	NA	4936500	9407900	10631000	985140	805150	247080	NA	4971900	NA	38380000	53494000	64468000	10716000	7668900	1441200
7430400	7218200	7377800	14200000	17429000	29874000	4805200	12284000	13735000	8728400	167990000	88183000	25186000	28927000	35663000	57081000	21075000	23512000
222510000	232900000	322480000	221740000	137770000	138810000	194510000	227990000	227700000	180830000	346990000	334720000	172100000	132700000	151030000	286510000	352560000	330090000
13264000	20472000	20849000	31474000	26067000	22232000	15521000	17897000	15696000	55936000	61705000	50375000	76015000	76988000	58355000	48254000	46525000	50325000
39734000	47378000	28872000	34149000	42248000	34870000	12256000	26165000	19776000	67661000	51603000	48826000	47474000	99516000	95502000	50844000	61488000	50133000
106840000	32226000	35214000	NA	NA	4592000	4534600	53205000	5370900	27216000	22550000	40091000	NA	NA	4496300	6587100	2846400	44565000
131190000	109150000	126430000	161340000	184780000	105270000	129100000	135490000	158480000	34657000	38910000	47191000	74049000	123820000	82843000	86922000	68406000	87372000
9611000	9242400	8739200	NA	422260	462970	10484000	12190000	10666000	6384000	8163100	1082600	NA	658730	367080	5813100	5117400	519460
20768000	17450000	23846000	15626000	31130000	21938000	33842000	22773000	25520000	198600000	201030000	217300000	29407000	40254000	32488000	48658000	173690000	28340000
4228100	1763200	8403500	5181900	5350100	6562000	7923900	7892000	7121700	4085500	3993200	9291800	7657400	5973400	7147000	6515000	6658200	4816500
26199000	62363000	46292000	32081000	60551000	68600000	45391000	38506000	37260000	186770000	164700000	200320000	273730000	251450000	315680000	202510000	214660000	219700000
392440	4262300	1365200	10295000	5418800	6592900	131260	4859300	3280600	1087200	6754000	4923000	19242000	12566000	13097000	444130	12097000	7168600
17293000	23925000	36763000	8305400	8546500	5192800	32577000	27209000	15883000	17663000	21895000	23947000	6626700	2635800	8793900	13913000	16537000	9903200
32995000	27938000	24496000	55981000	62390000	48832000	37073000	35508000	46177000	44282000	30101000	32270000	69185000	72527000	64722000	52279000	40260000	58631000
10370000	7613500	7458100	18467000	13824000	15388000	13668000	14760000	14787000	19931000	18697000	26925000	35452000	30857000	38746000	36281000	34206000	39315000
8153500	8924000	15279000	7184700	8133000	13216000	13616000	15777000	16179000	55770000	48511000	56416000	6133300	45682000	40228000	41232000	43129000	48498000
111290000	97373000	99720000	104250000	103270000	77405000	122060000	96033000	96329000	147960000	117780000	125040000	123230000	135590000	109690000	132110000	109190000	116630000
9734500	12277000	12399000	17032000	11102000	NA	NA	NA	7324200	6173200	6667500	8276100	7440700	5293500	NA	NA	NA	4035200
136190000	119170000	156580000	104250000	99245000	106450000	110200000	168920000	157160000	99156000	95595000	101770000	123390000	160050000	121300000	95917000	131870000	105190000
4803500	4600900	1278400	6549200	10688000	11916000	531830	3090700	2959500	775580	1964300	2474100	5126200	6091000	4440900	783990	938270	965280
16917000	8294800	11557000	6145400	2325800	NA	2612900	6401200	1729200	6355700	2197700	1961000	2699400	1531300	NA	289460	10980000	168010
NA	NA	1137400	848120	4093200	3654700	3164200	2918900	11744000	NA	NA	2472400	9579900	9357700	5491000	4911400	5809100	6355900
20498000	21523000	23029000	34210000	29210000	27779000	27484000	24311000	27618000	24457000	22013000	26548000	41727000	38183000	37068000	33248000	35219000	33839000
3742400	4990600	4216800	4536500	4499600	1523400	4239700	7287100	5536700	6381300	5179200	5742100	26290000	5744200	2576000	6435600	37735000	29628000
1152700	1084400	444630	8005800	11661000	11893000	1560400	NA	4804500	757920	163700	352830	5522800	6130200	5600300	336900	NA	1685700
2071000	1046300	832710	NA	720870	988730	2292900	1037500	NA	570210	471230	309360	NA	928060	1076300	1704800	528860	NA
NA	NA	333960	6947100	2454100	928360	550600	687970	1329900	NA	NA	672860	10940000	3816900	834420	882370	469570	387220
8022500	33604000	43082000	15805000	26146000	22684000	24990000	25796000	26020000	7769100	5487400	4415700	2410400	4503800	5889800	4320200	4030800	4097700
47181000	33833000	34399000	20215000	33037000	32214000	49351000	41784000	42885000	60219000	61595000	36817000	41155000	53663000	64960000	76120000	70569000	52585000
17618000	13349000	12928000	16763000	21496000	28070000	24451000	13649000	13309000	46594000	49200000	55106000	77071000	39739000	30965000	39937000	47676000	28393000
6733000	7393000	8929400	4417500	5832700	5716600	7193500	8461500	14332000	30877000	47500000	25746000	7408900	9379800	12069000	36007000	14876000	20253000
1340000	1151300	500790	799600	1845200	1795300	2153100	1836100	2279200	2095800	3919400	479020	1551700	6492500	4375500	7218800	7566000	4802500
26895000	20266000	20522000	16529000	26245000	25580000	8491300	13414000	13442000	44469000	34011000	16783000	9770700	38573000	25105000	16664000	13440000	9405900
2428900	3298200	3305600	2142700	5865100	2278400	3094200	2332000	2458900	5545600	7297300	7022600	4362600	9156800	5223600	4354200	5512400	6362100
3268400	5888100	3192300	1130100	8153700	5313900	6082500	343830	959800	10093000	10750000	9465200	5385500	32578000	24075000	16928000	2259900	2270300
16422000	14401000	7117100	14424000	14238000	13287000	17471000	14213000	7691200	42431000	8238400	4355800	9040500	101890000	92865000	22352000	42804000	2606900
68314000	5946700	4126900	5263400	36137000	12143000	5257300	10829000	6193900	5924400	6255700	5741600	11234000	8149800	8751600	7644500	6288100	4973300
57270000	66681000	56085000	3972800	9171900	7568200	17024000	15619000	16732000	158430000	120120000	134410000	7479400	12310000	12345000	32791000	37158000	41608000
3274000	11108000	1620800	2643900	4267600	682290	610140	3232000	4269900	4268100	11278000	2842600	6075400	4709100	814940	1663300	5176200	5293900
6892800	5191100	2874200	7734900	7315000	9961300	5885500	8696700	9772000	13516000	12993000	5444600	14371000	14035000	21670000	12268000	14585000	15763000
41752000	32994000	29444000	12181000	9923900	15236000	27119000	27976000	28156000	78564000	48697000	35116000	12843000	26745000	33003000	37949000	39095000	30689000
35480000	22618000	26490000	46356000	42858000	46443000	39274000	38141000	26481000	163910000	105540000	91630000	89522000	116750000	106340000	88496000	61853000	38252000
8503100	3450500	3831300	11994000	15123000	11857000	7576600	12625000	6734800	15310000	7713300	4943400	29988000	23225000	18795000	14924000	19073000	12091000
16166000	38214000	26639000	6428700	7527600	4092600	22514000	21648000	26847000	111220000	63852000	14220000	5980000	7253700	3215200	20240000	32193000	16450000
3850200	4122500	5703100	15331000	8694000	3535400	4846800	6909100	2295800	4269200	5175500	7164000	20566000	21300000	9370600	7829000	17183000	4881100
10208000	9944000	7722400	8762000	12938000	13619000	6548300	6776800	9140900	2946800	6864600	122530000	6682100	4654700	7174800	5570200	4669100	5089700
64099000	94236000	131110000	75624000	66615000	70343000	71909000	82351000	68378000	35211000	53703000	54827000	52619000	54752000	51536000	30866000	42626000	35035000
978190	NA	NA	22040000	20906000	18829000	10232000	13717000	17469000	3301800	NA	NA	44849000	62237000	46380000	21306000	22868000	33458000
156040000	155840000	138870000	106340000	65861000	67676000	110860000	116710000	106450000	2098900000	393490000	461220000	100320000	1939700000	1730300000	2145700000	1604400000	1074800000
32604000	99508000	145750000	185370000	49950000	51618000	85377000	154880000	141200000	83396000	89185000	88106000	51609000	77915000	65091000	46021000	64821000	56621000
107560000	114500000	93796000	109050000	126070000	126940000	94438000	91908000	100760000	205870000	162480000	131980000	94845000	86385000	93880000	140270000	124980000	126150000
3510600	2935500	2072400	NA	NA	NA	1677500	6992700	3276800	8215700	5687400	5572200	NA	NA	NA	5574600	3338600	269050
10394000	6423600	4416900	27529000	33150000	27231000	19094000	11488000	21013000	44433000	29777000	28835000	123350000	157470000	140710000	80675000	51484000	83267000
85078000	96234000	101010000	166120000	106610000	95366000	173830000	120760000	219120000	113880000	130420000	155150000	207950000	162010000	138060000	141160000	107310000	152760000
NA	2415300	3531000	3641100	1768500	3590500	1767900	2452000	4347500	NA	9295000	9253200	11313000	3953400	13768000	9017600	7490000	8145200
8957300	9580400	8137200	10883000	9334000	7180300	7902000	4950000	8536400	23330000	23440000	21042000	25200000	26035000	17836000	16384000	18644000	20983000
28635000	19480000	14527000	8614900	19012000	16598000	15063000	17873000	10136000	35924000	26938000	20531000	6751000	19463000	22279000	18150000	8802300	9019900
195100000	143090000	150610000	99541000	141820000	164140000	131680000	141790000	132210000	319020000	264970000	251820000	247630000	316510000	374330000	259280000	258550000	267800000
3192200	37755000	43993000	21098000	36577000	16357000	43268000	15464000	14509000	4598000	25110000	7329900	32022000	33729000	23822000	9866100	24003000	25195000
5982700	9994900	7176100	14019000	20883000	18574000	10617000	17663000	8349700	9580500	12472000	15749000	19269000	22968000	26493000	8820000	14028000	15708000
13964000	11290000	16710000	28707000	26773000	23142000	12133000	9702400	14363000	34173000	34050000	37953000	75020000	70795000	65761000	32192000	28014000	32751000
6950900	8349700	10155000	10797000	6119600	6403000	4805400	6056300	3938600	1483600	4465700	2001200	2550300	994170	919670	15461000	2041700	2428600
28287000	31080000	17652000	40138000	45423000	40847000	27215000	27368000	28708000	15709000	24092000	14112000	28262000	29711000	25342000	15426000	19105000	19358000
7235500	4619300	1750200	NA	564060	888030	3488700	3095400	NA	9595800	10601000	8306500	NA	2396900	2456300	3834300	5200600	NA
8624600	4247400	4483400	5475000	11272000	11586000	4728500	5613800	4861500	2756300	1853000	1937500	7327900	11330000	10020000	3092400	3798500	9911600
7441000	6488800	7904500	13030000	7399900	8992800	10069000	10121000	6688500	8209000	6968200	8439100	10043000	8274400	10547000	6763400	9644300	5184100
672130000	602740000	582910000	377550000	501540000	480850000	416810000	375410000	432650000	503760000	745890000	487600000	275180000	553810000	378410000	357110000	527190000	363420000
11236000	7932800	9103500	11455000	3784100	5271200	6854000	13526000	9252300	10053000	8208600	8741700	11706000	3961000	5330500	7342200	12415000	7695800
NA	NA	NA	6387900	2330200	13727000	1359800	1619400	1444800	NA	NA	NA	1684300	6652800	7896300	1950400	1315000	1012800
19563000	11682000	10315000	9112000	8735400	6100900	8296700	7776100	10945000	49005000	31358000	21495000	22634000	20448000	23569000	17669000	19196000	21956000
23054000	23262000	45321000	35412000	15288000	17667000	39780000	22620000	NA	36843000	26120000	69762000	51829000	30620000	30732000	53312000	32358000	NA
99215000	62791000	36253000	30784000	34319000	28062000	30579000	63799000	102820000	70523000	67437000	61036000	19489000	20565000	19119000	62759000	53991000	61458000
74150000	67428000	85701000	98144000	120990000	53569000	91142000	104130000	101090000	126590000	123530000	126680000	195950000	227110000	95559000	163910000	201480000	179840000
76939000	69634000	107520000	65725000	57904000	75420000	8.1e+07	95282000	96945000	117670000	105170000	143420000	109480000	89848000	70440000	100730000	124340000	128960000
5512000	10607000	1595700	30611000	27458000	25569000	6488300	10957000	10062000	8272100	8523700	1645700	41688000	46592000	35814000	6569900	15069000	13139000
